"name" "year" "player_age" "b_total_pa" "b_k_pct" "b_bb_pct" "ops" "xops" "xba" "xslg" "xwoba" "xobp" "xiso" "exit_velocity_avg" "launch_angle_avg" "barrel_batted_rate" "solidcontact_pct" "hard_hit_pct" "z_swing_pct" "z_swing_miss_pct" "oz_swing_pct" "oz_swing_miss_pct" "oz_contact_pct" "iz_contact_pct"
"1" "Justin Smoak" 2020 34 132 31.8 7.6 61.1 59.3 19.1 33 25 26.3 14 89.6 15.3 3.8 7.7 39.7 64.9 21.3 22.7 58.5 41.5 78.7
"2" "Avisail Garcia" 2020 29 207 23.7 9.7 65.9 71.2 24.3 37.4 30.6 33.8 13 87.4 8.7 3.8 8.3 37.1 78.2 23.9 34.6 55.1 44.9 76.1
"3" "Trevor Story" 2020 28 259 24.3 9.3 87.4 77.7 25.3 45.5 31.8 32.2 20.2 89.9 20.8 8.7 7.6 41.3 66.4 18.4 28.2 40.5 59.5 81.6
"4" "Randal Grichuk" 2020 29 231 21.2 5.6 79.3 78.2 27 46.9 32 31.3 19.9 88.9 12.6 11.2 6.5 39.6 70.6 17.2 34.2 34.2 65.8 82.8
"5" "Cameron Maybin" 2020 33 101 24.8 6.9 69.4 68.4 24.3 38 29.3 30.4 13.7 87.8 8.9 5.9 2.9 35.3 69.2 21.2 21 64.3 35.7 78.8
"6" "Alex Gordon" 2020 36 184 20.1 9.8 60.6 66.4 22.7 34.8 28.9 31.6 12.1 82.8 11.6 3.2 4 25.4 72.3 18 23.6 35.6 64.4 82
"7" "Joe Panik" 2020 30 141 19.1 14.2 64 71.9 25 35.6 31.6 36.3 10.6 87.5 9.3 1.1 7.5 33.3 62.7 12.2 18.2 36.5 63.5 87.8
"8" "Garrett Cooper" 2020 30 133 23.3 8.3 85.3 89.3 30.4 52.1 36.8 37.2 21.7 90.1 9.5 10.1 3.4 41.6 54.8 14 27.7 36.6 63.4 86
"9" "Jonathan Villar" 2020 29 207 26.1 9.2 59.1 57.5 21.6 28.7 25.6 28.8 7.1 86.7 1.6 1.5 3.7 35.8 74.1 22.6 33.6 48.7 51.3 77.4
"10" "Freddie Freeman" 2020 31 262 14.1 17.2 110.2 112.2 34.1 66 44.1 46.2 32 92.4 17.2 14.7 4.5 54.2 78.1 15.2 25.7 31.3 68.7 84.8
"11" "Tommy La Stella" 2020 31 228 5.3 11.8 81.7 79.2 27.8 42.4 33.7 36.8 14.6 88 17.1 4.8 3.7 28.3 54.1 8.8 21.4 17.3 82.7 91.2
"12" "Chris Taylor" 2020 30 214 25.7 12.1 84 84.6 26.8 48.1 35.4 36.5 21.3 88 9.1 11.5 8.4 45 73 27.5 17.3 53.9 46.1 72.5
"13" "Jose Iglesias" 2020 30 150 11.3 2 95.6 89.2 35.9 50.3 37.2 38.9 14.4 86.4 7.3 3.2 5.6 37.1 61.3 6.3 34.3 29 71 93.7
"14" "Carlos Santana" 2020 34 255 16.9 18.4 69.9 84.5 25.3 45 36 39.5 19.7 88 12.2 6.7 8.5 36.6 60.8 15.8 16.5 35 65 84.2
"15" "Adam Frazier" 2020 29 230 15.2 7.4 65.9 69.8 25.3 38 29.9 31.8 12.7 85.5 12.3 4 2.9 25.1 67.5 11.3 24.8 30.4 69.6 88.7
"16" "Amed Rosario" 2020 25 147 23.1 2.7 64.3 59.5 23.3 34.1 25.6 25.4 10.8 86.5 4.2 3.7 4.6 33 67.1 14.6 36.8 41.4 58.6 85.4
"17" "Michael Brantley" 2020 33 187 15 9.1 84 74.4 26.2 41.5 31.4 32.9 15.3 88.7 10.2 4.9 6.3 37.3 58.9 10.2 20.1 35.2 64.8 89.8
"18" "Stephen Piscotty" 2020 29 171 31 5.3 62.7 68.5 23.9 40.2 28.4 28.3 16.3 88.1 13.5 6.5 7.4 39.8 75.6 23.8 43 49.6 50.4 76.2
"19" "Pete Alonso" 2020 26 239 25.5 10 81.7 79 22.7 46.6 32.2 32.4 23.9 90.2 15.5 12.8 4.7 41.2 65 17.7 30.7 52.2 47.8 82.3
"20" "Tommy Pham" 2020 32 125 21.6 12 62.4 81.9 26.6 45.7 34.8 36.2 19.1 92.8 2.4 7.3 7.3 50 57.8 19 20.3 47.2 52.8 81
"21" "Edwin Encarnacion" 2020 37 181 29.8 8.8 62.6 62.9 16.4 36.9 26.8 26 20.6 85.4 22.8 13.2 4.7 33 63.1 25.9 29.9 45.5 54.5 74.1
"22" "Harrison Bader" 2020 26 125 32 10.4 77.9 73.6 19.8 42.1 31.4 31.5 22.2 86 15.7 11.9 11.9 35.8 58.5 15.6 27.8 51.3 48.7 84.4
"23" "Jesus Aguilar" 2020 30 216 18.5 10.6 80.9 80.6 27.3 45.6 33.3 35 18.3 89.3 16 7.2 5.9 37.5 63.5 13.7 32.1 38.4 61.6 86.3
"24" "David Fletcher" 2020 26 230 10.9 8.7 79.9 70.1 29.2 35 31.1 35.1 5.8 84.7 4.1 0.5 1.1 17.8 47.5 4.8 25.4 16.7 83.3 95.2
"25" "Jeff McNeil" 2020 28 209 11.5 9.6 83.6 76.7 27.8 41 32.5 35.7 13.1 86.6 11.5 2.5 6.8 26.5 82.8 13.6 32.4 26.9 73.1 86.4
"26" "Keston Hiura" 2020 24 246 34.6 6.5 70.7 73.4 21 43.4 30.4 30 22.4 87.4 14.3 14.2 4.5 39.6 71.3 35.6 30.4 58.3 41.7 64.4
"27" "Max Muncy" 2020 30 248 24.2 15.7 72 84.8 23.5 48.1 35.2 36.7 24.6 88.5 14.2 12.4 8.3 40 59.5 19 15.9 53.3 46.7 81
"28" "Francisco Lindor" 2020 27 266 15.4 9 75 79.6 27.8 44.1 33.3 35.5 16.2 89.9 13.5 5.6 9.1 41.1 72.1 12.5 29.5 36.3 63.7 87.5
"29" "Adam Duvall" 2020 32 209 25.8 7.2 83.3 80.8 22.7 51.5 32.4 29.3 28.7 88.1 22.9 13.9 5.1 40.1 66.6 18.7 32.5 43.3 56.7 81.3
"30" "Nicky Lopez" 2020 25 192 21.4 9.4 54.8 62.2 23.6 30.5 27.8 31.7 6.9 84.9 1.4 1.5 3.1 26.7 63.6 16.5 25.1 32.6 67.4 83.5
"31" "Jake Cave" 2020 28 123 35.8 4.1 67.4 60.8 21.3 33.1 26.4 27.7 11.8 87.4 8.5 4.3 10.1 39.1 66.4 28.2 30.9 61.4 38.6 71.8
"32" "Lourdes Gurriel Jr." 2020 27 224 21.4 6.3 88.2 81 28.1 48.6 33.1 32.4 20.6 90.8 10.5 11.7 3.1 49.4 70.3 19.5 34 38.9 61.1 80.5
"33" "Ehire Adrianza" 2020 31 101 22.8 10.9 55.7 60.6 20.1 30.9 26.7 29.7 10.8 85.9 16 3 6.1 24.2 68.7 10.1 24.4 40 60 89.9
"34" "Martin Maldonado" 2020 34 165 30.9 16.4 72.3 70.4 20.6 36.2 30.7 34.2 15.6 86.1 19.1 8.1 3.5 26.7 62.9 21.9 23.5 47.1 52.9 78.1
"35" "Kurt Suzuki" 2020 37 129 14.7 8.5 74.5 69.1 24.9 35.6 30.1 33.5 10.8 83.9 18 3.2 6.3 24.2 68.8 11.8 27.8 30.3 69.7 88.2
"36" "Brandon Belt" 2020 32 179 20.1 16.8 101.5 100.3 28.5 59.8 40.2 40.5 31.3 90.7 18 16.8 9.7 46.9 72.4 15.9 18.8 47.2 52.8 84.1
"37" "Adam Eaton" 2020 32 176 18.2 6.8 66.2 69 24.8 38.5 29.1 30.5 13.7 87.8 5.7 4.6 3.8 38.2 67.1 8.6 33 32.5 67.5 91.4
"38" "Willie Calhoun" 2020 26 108 15.7 4.6 49.1 51.8 19.6 27.2 23 24.6 7.7 89.3 14.4 1.2 3.5 38.8 65.3 10.1 21.8 28.9 71.1 89.9
"39" "Marcus Semien" 2020 30 236 21.2 10.6 67.9 63.7 20.4 34.8 27.4 28.9 14.3 86.2 19.3 5 6.8 28.6 70.7 18.8 18.5 39.8 60.2 81.2
"40" "Jorge Polanco" 2020 27 226 15.5 5.8 65.5 69.3 26.4 38.4 29.3 30.9 12 86.6 16.1 2.8 5.1 33.3 64.1 10.4 23 34.6 65.4 89.6
"41" "Renato Nunez" 2020 26 216 29.6 7.9 81.6 72.9 22.6 43.2 30.1 29.7 20.6 86.3 21.1 12.1 4.5 36.6 66.9 23.8 39.2 37.4 62.6 76.2
"42" "Dylan Carlson" 2020 22 119 29.4 6.7 61.6 73.7 24.6 44.3 30.3 29.4 19.7 87.4 9.3 9.2 14.5 42.1 58.9 22.1 24.9 49.2 50.8 77.9
"43" "Jon Berti" 2020 30 149 24.8 15.4 73.3 68.9 24.2 31.5 31.8 37.4 7.3 86.6 7.2 3.5 3.5 33.7 53.6 11.5 16.1 46.8 53.2 88.5
"44" "Ronald Acuna Jr." 2020 23 202 29.7 18.8 98.7 99.9 25.4 59 40.1 40.9 33.6 92.4 18.6 16 18 57 63.3 26.3 20.1 39.8 60.2 73.7
"45" "Bryce Harper" 2020 28 244 17.6 20.1 96 110.8 30.7 65.7 43.5 45.1 35 92.5 16 17.3 4 50.7 73.4 17.9 28 47 53 82.1
"46" "Corey Dickerson" 2020 31 210 16.7 7.1 71.2 71 25.4 40.2 30 30.8 14.8 85.7 11.1 5.7 3.1 30.8 73.9 23.3 33.1 30.8 69.2 76.7
"47" "Marwin Gonzalez" 2020 31 199 20.6 8.5 60.6 72.1 24.2 40.4 30.4 31.7 16.3 89.2 12.6 5.1 5.1 38.4 61.2 18.3 26.5 34.5 65.5 81.7
"48" "J.T. Realmuto" 2020 29 195 24.6 8.2 84 83.2 24.8 49.9 34.4 33.3 25.1 90.2 11.6 13.6 5.6 42.4 66.9 22.6 25.2 47.4 52.6 77.4
"49" "AJ Pollock" 2020 33 210 21.4 5.7 88.1 81.9 27.4 50.2 33.3 31.7 22.8 89.6 13 10.5 7.8 43.1 65.1 14.3 29.9 46.8 53.2 85.7
"50" "Darin Ruf" 2020 34 100 23 13 88.7 80.6 25.1 45.7 33.6 34.9 20.6 89.4 12.5 9.4 9.4 43.8 58.6 20.3 21.2 46.3 53.7 79.7
"51" "Brett Gardner" 2020 37 158 22.2 16.5 74.7 72.1 22.4 36.6 31.6 35.5 14.3 89.2 15 5.2 8.3 36.5 58 16.8 16.9 50.9 49.1 83.2
"52" "Whit Merrifield" 2020 31 265 12.5 4.5 76.4 77.4 29.2 44 32.4 33.4 14.8 86.1 15.8 5.1 4.6 27.3 71.4 11.5 27.8 27.5 72.5 88.5
"53" "Anthony Santander" 2020 26 165 15.2 6.1 89 84.8 28.6 51 33.8 33.8 22.5 88.6 24.7 10.2 6.3 36.7 74.9 22.3 36.9 30.2 69.8 77.7
"54" "Luis Robert" 2020 23 227 32.2 8.8 73.5 76.6 22.6 46.6 31.5 30 24 87.9 16.7 13 9.2 40.5 80.8 31.5 39.6 57.6 42.4 68.5
"55" "Javier Baez" 2020 28 235 31.9 3 59.9 63.2 21.5 37.8 26.5 25.4 16.3 89.4 10.3 8.1 7.4 40.3 73 29.4 38.3 50 50 70.6
"56" "J.P. Crawford" 2020 25 232 16.8 9.9 67.4 70.2 25.6 36 30.7 34.2 10.3 85.8 11.5 1.8 6.6 31.1 58.5 11.1 22.6 37.9 62.1 88.9
"57" "Sean Murphy" 2020 26 140 26.4 17.1 82.1 79.5 21.9 44.2 33.5 35.3 22.3 92.2 14.7 12.7 5.1 49.4 64.4 17.7 19.5 47.5 52.5 82.3
"58" "Yan Gomes" 2020 33 119 18.5 5 78.7 78.7 28.4 46.4 32.3 32.3 18.1 89.9 17.6 5.6 8.9 37.8 64.6 14.8 33.7 37.9 62.1 85.2
"59" "Wil Myers" 2020 30 218 25.7 8.3 95.9 93.9 28.5 58.8 37.7 35.1 30.3 91 13.4 14.8 8.5 45.8 62.1 16.8 24 48.1 51.9 83.2
"60" "Franmil Reyes" 2020 25 241 28.6 10 79.5 77.9 25.1 44.7 33.2 33.2 19.6 92.4 11.2 12.9 4.8 44.9 69.7 28.1 27.3 59.3 40.7 71.9
"61" "DJ LeMahieu" 2020 32 216 9.7 8.3 101.1 84.1 31.5 46.2 35.6 37.9 14.7 91.3 2.2 2.9 8.6 46.5 64 7.2 23.6 20.8 79.2 92.8
"62" "Tucker Barnhart" 2020 29 110 25.5 10.9 67.9 72.3 22.7 41.2 30.2 31.1 18.5 85.4 19.7 7.1 4.3 18.6 64.3 18.5 23 40.4 59.6 81.5
"63" "Travis Shaw" 2020 30 180 27.8 8.9 71.7 74.9 24.2 43.9 31 31 19.6 90.9 19.8 7.9 9.6 44.7 69.6 25.1 24.4 40.9 59.1 74.9
"64" "Austin Romine" 2020 32 135 34.8 3 58.2 53 20.9 29.8 22.4 23.2 8.9 87.9 7.7 4.8 8.3 47.6 71.8 20.2 36.3 48 52 79.8
"65" "Brian Anderson" 2020 27 229 28.8 9.6 81 74.7 22.8 42.5 31.2 32.2 19.7 87.4 9.6 9.6 6.7 39.3 73.2 27.9 29.7 47.3 52.7 72.1
"66" "Matt Carpenter" 2020 35 169 28.4 13.6 64 75.8 21.5 40.8 32.3 35 19.3 88.2 17 9.8 4.3 35.9 60.5 25 20.2 55.7 44.3 75
"67" "Cesar Hernandez" 2020 30 261 21.8 9.2 76 73.5 27 39.1 31.7 34.4 12.1 89.1 5.6 4 6.8 37.3 63.3 10.1 22.3 47.5 52.5 89.9
"68" "Kyle Schwarber" 2020 27 224 29.5 13.4 70.1 78.4 22.5 44.4 33 34 21.9 92.8 8.8 11.2 8.8 47.2 62.1 21.9 27.6 39.2 60.8 78.1
"69" "Cole Tucker" 2020 24 116 26.7 4.3 52.5 49 19.8 25.9 21.5 23.1 6.1 83.1 13.3 2.5 0 25 64.8 18.1 27.4 59.3 40.7 81.9
"70" "Wilson Ramos" 2020 33 155 20 6.5 68.4 72.7 24.8 42 30.3 30.7 17.1 89 6.5 7.1 6.3 42 79 19.7 32 40.2 59.8 80.3
"71" "J.D. Davis" 2020 27 229 24.5 13.5 76.1 81.1 25.8 43 34.8 38.1 17.1 90.1 3.3 8.9 4.4 45.2 66.1 21.5 23.5 51.4 48.6 78.5
"72" "Colin Moran" 2020 28 200 26 9.5 79.7 81.4 25.5 48 33.6 33.4 22.4 91.9 8.3 13.4 2.4 47.2 68.7 17.3 35.6 43.6 56.4 82.7
"73" "Mike Moustakas" 2020 32 163 22.1 11 79.9 77.8 24.2 43.6 32.2 34.2 19.4 88.8 16.3 9.5 4.8 40 68.7 15.2 29.5 43.3 56.7 84.8
"74" "Shohei Ohtani" 2020 26 175 28.6 12.6 65.7 75.8 23.5 42.6 32.2 33.2 19.1 89.1 9.2 10.7 5.8 42.7 65 26.3 24.1 48.9 51.1 73.7
"75" "Dexter Fowler" 2020 34 101 27.7 9.9 70.6 65.2 21.5 35.1 28.1 30.1 13.6 84.5 11.2 4.8 12.9 27.4 71.1 26.7 22.5 46.3 53.7 73.3
"76" "Brock Holt" 2020 32 106 22.6 8.5 55.7 58.9 22.6 29.1 26.2 29.8 6.6 84 10.5 1.4 1.4 18.1 60.5 13.5 22.7 36.5 63.5 86.5
"77" "Jose Peraza" 2020 26 120 15 4.2 61.7 65.3 24 36.1 27.9 29.2 12.1 85.4 20 4.3 5.3 27.7 71.1 10.9 40.8 38.2 61.8 89.1
"78" "Mike Yastrzemski" 2020 30 225 24.4 13.3 96.8 86 25.5 49.6 35.5 36.4 24.1 88.2 18.4 10.9 9.5 42.3 58 19 19.8 41.9 58.1 81
"79" "Aaron Judge" 2020 28 114 28.1 8.8 88.8 89.2 26.6 54.6 36.1 34.6 27.9 92.2 15.7 11.6 10.1 40.6 68.9 19.2 22.9 66.7 33.3 80.1
"80" "Dylan Moore" 2020 28 159 27 8.8 85.5 81.9 25.1 46.4 34.3 35.5 21.3 90.4 17.3 13.8 3.2 44.7 57.8 19.7 25.4 44 56 80.3
"81" "Eduardo Escobar" 2020 31 222 18.5 6.8 60.5 71.3 26.3 39.5 29.4 31.8 13.2 88.6 18.1 5.5 3.7 31.7 69.9 12.9 35.2 36.6 63.4 87.1
"82" "Brandon Nimmo" 2020 27 225 19.1 14.7 88.8 80.6 25.1 42.4 34.9 38.2 17.3 87.2 7.6 7.7 4.2 32.9 66.7 16.6 16.9 41.7 58.3 83.4
"83" "Jorge Soler" 2020 28 174 34.5 10.9 76.5 82.9 24.4 49 33.8 33.9 24.7 92.5 15.5 18.9 6.7 51.1 56.5 26.3 23.4 58.3 41.7 73.7
"84" "Edward Olivares" 2020 24 101 24.8 4 64.2 65.2 25.9 36.6 27.8 28.6 10.8 82.7 7.6 5.6 2.8 27.8 70.5 19.1 32.1 35.8 64.2 80.9
"85" "Tony Wolters" 2020 28 109 27.5 5.5 54.5 65.4 26.2 34.4 28.1 31 8.2 84.1 8.2 0 5.6 20.8 59 15.3 27.2 54.5 45.5 84.7
"86" "David Peralta" 2020 33 218 20.6 6 77.3 68.1 26.3 37.5 29.2 30.6 11.3 89.2 6.4 5 6.3 36.3 65.5 15.5 26.6 35.8 64.2 84.5
"87" "Josh Donaldson" 2020 35 102 23.5 17.6 84.2 80 22.1 42.3 34.4 37.7 20.3 92.8 6.2 6.9 5.2 53.4 63.9 24.6 21.3 56.4 43.6 75.4
"88" "Daniel Murphy" 2020 35 132 15.9 5.3 60.6 62.3 23.9 34.5 25.9 27.8 10.7 85.1 15.5 4.9 1.9 25.2 72.2 9.1 32 27.4 72.6 90.4
"89" "Matt Kemp" 2020 36 132 31.1 11.4 74.5 75 22.7 43.5 31.2 31.5 20.8 85.3 11.9 7.9 9.2 28.9 65.4 28.2 28.5 49.5 50.5 71.8
"90" "Joey Wendle" 2020 30 184 19 5.4 77.7 69.4 25.6 37.7 29.6 31.7 12.1 86.7 5.1 3.7 3.7 32.1 63.8 7.7 36.3 37.3 62.7 92.3
"91" "Ketel Marte" 2020 27 195 10.8 3.6 73.2 68.8 26.5 37.9 29.5 30.9 11.4 89.2 10 3.7 6.1 40.5 61.6 9.2 28 25 75 90.8
"92" "Ender Inciarte" 2020 30 131 19.1 9.2 51 54.6 21.1 26.2 24.8 28.4 5.1 78.2 8.4 1.1 0 6.4 65.1 20 27.2 34.8 65.2 80
"93" "Kole Calhoun" 2020 33 228 21.9 12.3 86.4 89 26.4 51.9 36.4 37.1 25.5 89.4 17 11.8 8.3 38.2 75.8 23.2 21.5 62.1 37.9 76.8
"94" "Enrique Hernandez" 2020 29 148 20.9 4.1 68 65.5 22.6 38.5 27.9 27 15.9 88.5 16.2 7.3 9.2 43.1 70.7 15.7 30.1 44.2 55.8 84.3
"95" "Orlando Arcia" 2020 26 189 16.9 7.4 73.4 76.7 28.1 42.8 32.5 33.9 14.7 89 9.6 5.6 6.3 38.7 67.2 19.3 28 31.7 68.3 80.7
"96" "Austin Slater" 2020 28 104 21.2 15.4 91 96.8 30.5 54.2 40.1 42.6 23.7 89.2 10.9 14.1 4.7 45.3 63.5 17.2 20 50 50 82.8
"97" "Yadier Molina" 2020 38 156 13.5 3.8 66 68.4 25.6 38.6 28.7 29.8 13 84.7 12.3 2.4 7.9 25.4 72.2 14.7 39.5 38.8 61.2 85.3
"98" "Sam Hilliard" 2020 26 114 36.8 7.9 71 60.2 19.1 34.6 25.7 25.6 15.5 88.3 10.8 9.5 3.2 44.4 65.7 28.8 29.3 59.2 40.8 71.2
"99" "Juan Soto" 2020 22 196 14.3 20.9 118.5 116.7 33.2 69.1 45.1 47.6 35.9 92.1 4.3 18.3 6.3 51.6 61.2 15.5 15.7 40.3 59.7 84.5
"100" "Tim Anderson" 2020 27 221 22.6 4.5 88.6 84 29.3 50.9 34.7 33.1 21.6 87.2 6.7 10.1 4.4 35.8 73.2 23.2 39.2 43.6 56.4 76.8
"101" "Jean Segura" 2020 30 217 20.7 10.6 76.7 72.3 25 39 30.7 33.3 14 87.7 11.2 6.1 3.4 38.5 64.4 16.2 30.9 33.3 66.7 83.8
"102" "Nick Ahmed" 2020 30 217 21.2 8.3 72.9 69 24.7 38 29.5 31 13.3 87.7 9.4 5.2 5.2 33.3 68.8 20.8 30.1 40.7 59.3 79.2
"103" "Scott Kingery" 2020 26 124 28.2 7.3 50.9 69.3 22.1 40.6 29.2 28.7 18.5 85.3 16.9 10.1 2.5 31.6 71.2 28 31.5 39.7 60.3 72
"104" "Gleyber Torres" 2020 24 160 17.5 13.8 72.4 72.9 23.9 37.5 31.7 35.4 13.6 88.8 14.7 3.7 6.5 38.3 67 22 20.1 46.5 53.5 78
"105" "Yandy Diaz" 2020 29 138 12.3 16.7 81.4 71.3 25.1 33 32.2 38.3 7.9 88.3 -7.9 2.1 3.1 30.9 56.7 12.1 19.6 23.4 76.6 87.9
"106" "Nico Hoerner" 2020 23 126 19 9.5 56.9 64.6 24.2 31.5 28.9 33.1 7.2 87.5 0.8 1.2 5.8 37.2 57.3 7.8 31.8 35.2 64.8 92.2
"107" "Dominic Smith" 2020 25 199 22.6 7 99.3 93.4 30.4 56.8 37.4 36.6 26.4 89.8 10.8 13.3 5.9 46.7 71.9 19.2 33.5 39.4 60.6 80.8
"108" "Tony Kemp" 2020 29 114 12.3 13.2 66.1 71.7 25.5 34.6 31.9 37.1 9.2 85.8 18.8 1.2 2.4 15.9 66.3 8.7 19 31.6 68.4 91.3
"109" "Ryan Mountcastle" 2020 23 140 21.4 7.9 87.8 77.1 27.1 44 32.2 33.1 16.9 87.5 10.6 7.1 2 42.7 81.5 21.7 40.8 42.5 57.5 78.3
"110" "Willi Castro" 2020 23 140 27.1 5 92.9 83.4 29.9 49.8 34.3 33.6 19.9 85.3 11.3 9.6 4.3 31.9 72.8 20.3 38.7 48.2 51.8 79.7
"111" "Isiah Kiner-Falefa" 2020 25 228 14 6.1 69.9 65.2 26 34 28.7 31.2 8 87.2 0.8 2.2 2.8 31.1 65.9 9.5 27.2 32.7 67.3 90.5
"112" "Joey Votto" 2020 37 223 19.3 16.6 80 86.2 25.4 48.4 35.6 37.8 22.9 87.4 15.4 9.1 9.8 35.7 57.3 17.2 17.2 38.1 61.9 82.8
"113" "Travis d'Arnaud" 2020 31 184 27.2 8.7 91.9 90.9 30.4 53.8 37 37.1 23.4 93.4 8.1 11.2 6.9 57.8 67.9 21.7 31.8 51.4 48.6 78.3
"114" "Trent Grisham" 2020 24 252 25.4 12.3 80.5 84.5 26.3 48.1 35.5 36.4 21.8 88.3 13.5 11.1 3.9 41.8 57.3 19.3 17.9 41.3 58.7 80.7
"115" "Justin Upton" 2020 33 166 25.9 6.6 71.1 74.7 22.9 43 31.5 31.7 20.1 91.7 18.6 8.6 6.7 43.8 63.7 20.9 22.2 57.5 42.5 79.1
"116" "Alex Verdugo" 2020 24 221 20.4 7.7 84.4 67.9 23.9 37.3 29.1 30.6 13.4 87 5.9 6.4 5.1 34.4 57.9 12.7 27.5 31.5 68.5 87.3
"117" "Miguel Sano" 2020 27 205 43.9 8.8 75.7 77 21.5 48.2 31 28.8 26.7 95.2 20.2 22.9 9.4 57.3 70.3 29.4 28 70.5 29.5 70.6
"118" "Yuli Gurriel" 2020 36 230 11.7 5.2 65.8 73 26.8 41.3 30.8 31.7 14.5 89.3 13.9 3.7 7.4 36.5 66.2 6.3 34.3 30.4 69.6 93.7
"119" "Victor Caratini" 2020 27 132 23.5 9.1 66.1 63.6 21.9 32.3 27.6 31.3 10.4 87.9 6.2 3.5 8.2 36.5 61.8 15.9 20.6 44.1 55.9 84.1
"120" "Jonathan Schoop" 2020 29 177 22 4.5 79.7 67.8 24.4 38.3 28.8 29.5 13.9 87.2 8.7 5.6 4.8 33.6 77.2 17.2 38.2 46.8 53.2 82.8
"121" "Mitch Moreland" 2020 35 152 21.1 9.9 89.4 79.6 23.7 47.8 32.2 31.8 24.1 88.2 12.5 14.4 1 40.4 71 23.3 24.8 52 48 76.7
"122" "Carson Kelly" 2020 26 129 22.5 4.7 64.9 62.6 22.2 36.2 26.1 26.4 14 86.3 16.7 4.3 7.5 34.4 63.7 22 23.7 42.6 57.4 78
"123" "Christian Vazquez" 2020 30 189 22.8 8.5 80.1 65 22.4 36 27.7 29 13.6 88.4 14.4 4.6 6.2 40 64.8 19.2 31.4 30.2 69.8 80.8
"124" "Teoscar Hernandez" 2020 28 207 30.4 6.8 91.7 95.8 29.5 61.3 38.1 34.5 31.8 93.3 15.3 18 4.7 53.1 62.9 27.7 30.9 48.5 51.5 72.3
"125" "Josh Bell" 2020 28 223 26.5 9.9 66.9 69.1 22.9 38.2 28.9 30.9 15.3 91.7 5.9 8.6 3.6 42.9 72.3 25.5 26.9 49.3 50.7 74.5
"126" "Luis Arraez" 2020 23 121 9.1 6.6 76.5 81.9 31.2 45.8 34.6 36.1 14.6 87.5 12.1 3.9 7.8 30.4 68.1 8 23.7 15.4 84.6 92
"127" "Miguel Rojas" 2020 31 143 12.6 11.2 88.8 76 27.8 39 32.3 37 11.1 87.3 11.9 0.9 8.4 31.8 56.6 13.8 22.8 25.4 74.6 86.2
"128" "Ty France" 2020 26 155 23.9 7.1 83.6 83.8 28.8 48.5 34.6 35.3 19.6 85.7 14.8 8.7 4.8 29.8 69.8 17.2 26.8 41.8 58.2 82.8
"129" "Asdrubal Cabrera" 2020 35 213 18.8 8.9 75.3 74 24.5 43.1 30.6 30.9 18.6 89.5 13.7 6.5 8.4 38.3 66.5 12.3 28.2 37.2 62.8 87.7
"130" "Yoan Moncada" 2020 25 231 31.2 12.1 70.5 64.5 20.8 33.8 28 30.7 13 87.8 13.9 6.2 4.6 33.1 62.1 19.3 27.4 51.3 48.7 80.7
"131" "Kolten Wong" 2020 30 208 14.4 9.6 67.2 64 24.1 31.1 28.6 32.9 7 86.5 10.8 0.6 3.2 26.6 64.1 10.7 23.3 30.1 69.9 89.3
"132" "Isaac Paredes" 2020 21 108 22.2 7.4 56.8 53.8 21 26.9 23.6 26.9 5.9 86.5 7.5 0 5.3 26.3 60.5 4.6 24.8 46.6 53.4 95.4
"133" "Eddie Rosario" 2020 29 231 14.7 8.2 79.2 74.2 24.4 43.7 30.6 30.5 19.3 87.5 18.1 6.2 8.4 35.4 69.6 15.8 39.4 30.9 69.1 84.2
"134" "Chance Sisco" 2020 25 121 33.9 14 74.1 73.2 19.7 38.3 31.7 34.9 18.6 88.8 20 12.3 7 36.8 68.8 27 20.5 69 31 73
"135" "Nick Castellanos" 2020 28 242 28.5 7.9 78.4 88.4 27.3 54.2 35.6 34.2 26.9 91 16.5 16 6.7 46.7 73.2 19.9 35.9 55.8 44.2 80.1
"136" "Tyler O'Neill" 2020 25 157 27.4 9.6 62.1 65.8 19.6 37.6 28 28.2 18 88 15.1 8.2 7.2 39.2 68.5 28 25.2 48.2 51.8 72
"137" "Hunter Dozier" 2020 29 186 25.8 14.5 73.6 73.4 23.5 38.3 31.9 35.1 14.8 86.4 17 8.2 2.7 30.9 64.1 14.1 24.4 65.7 34.3 85.9
"138" "Ryan McMahon" 2020 26 193 34.2 9.3 71.4 68.1 20.6 39.3 28.7 28.8 18.8 90.1 9.2 11.2 4.7 43 67.5 22.3 26.7 54.9 45.1 77.7
"139" "Kyle Lewis" 2020 25 242 29.3 14 80.1 78.5 24 43.7 33.2 34.8 19.7 88.3 11.1 11.7 7.3 35 63.9 26.7 24.7 58.6 41.4 73.3
"140" "Christian Yelich" 2020 29 247 30.8 18.6 78.6 87 25 47.6 36.5 39.4 22.6 94 7.1 12.1 8.1 55.6 58.1 21.9 17.6 61.6 38.4 78.1
"141" "Willy Adames" 2020 25 205 36.1 9.8 81.3 70 22.9 39.5 29.5 30.5 16.5 88.8 12.5 9.9 9 40.5 69.1 31.2 26.3 56 44 68.8
"142" "Delino DeShields" 2020 28 120 24.2 7.5 61.8 58.2 22.2 30 26 28.2 7.8 84 5.8 1.2 4.9 19.5 66.1 19.6 22.8 56.9 43.1 80.4
"143" "Jacob Stallings" 2020 31 143 28 10.5 69.8 62.7 21.1 33.1 27.1 29.6 12 88.6 12.4 4.5 5.7 37.5 59.4 14.7 20.5 54.4 45.6 85.3
"144" "Garrett Hampson" 2020 26 184 32.6 7.1 66.6 66.9 22.4 38.7 28.3 28.2 16.2 86.3 14.4 8.1 7.2 23.4 62.7 19.6 21.8 59 41 80.4
"145" "Joey Gallo" 2020 27 226 35 12.8 67.9 72.2 19 41.3 30 30.9 22.3 91.2 26.8 14 4.4 43.9 66.3 29.7 19.2 66.3 33.7 70.3
"146" "Yoshi Tsutsugo" 2020 29 185 27 14.1 70.8 74.6 21.2 42 31.1 32.6 20.8 90.2 17.2 9.3 5.6 47.2 62.8 21 17.2 31.1 68.9 79
"147" "Yasmani Grandal" 2020 32 194 29.9 15.5 77.3 74.3 21 40.7 31.3 33.6 19.7 90.3 15.6 7.6 9.5 43.8 49.3 22.2 20.1 50 50 77.8
"148" "Luis Rengifo" 2020 23 106 24.5 13.2 46.4 54.8 18.4 25.3 25.4 29.5 6.9 87.6 3.8 1.5 1.5 33.3 60.2 14.6 24.3 48.1 51.9 85.4
"149" "Rafael Devers" 2020 24 248 27 5.2 79.3 77.2 25.9 46.5 31.8 30.7 20.7 93 10.6 12.1 5.5 43.6 73.6 27.1 38.4 39.4 60.6 72.9
"150" "Danny Jansen" 2020 25 147 21.1 14.3 66.4 80.1 24.4 43.7 33.9 36.4 19.3 85.1 16.3 8.6 3.2 35.5 72.7 18.2 19.9 45.9 54.1 81.8
"151" "Jared Walsh" 2020 27 108 13.9 4.6 97.1 83.3 26.8 52.7 33.7 30.6 25.9 88.1 13.1 12.6 3.4 39.1 67.5 17.6 33.2 33.3 66.7 82.4
"152" "Jay Bruce" 2020 33 103 23.3 6.8 72.1 76.2 23.7 47.3 30.6 28.9 23.6 89 15.3 9.7 9.7 38.9 82.5 18.8 27.4 56.7 43.3 81.3
"153" "Ramon Laureano" 2020 26 222 26.1 10.8 70.4 76.7 23.5 41 33.1 35.7 17.5 87.7 12.3 9.4 4.7 34.4 57.3 15.3 23.4 48.6 51.4 84.7
"154" "Jose Ramirez" 2020 28 254 16.9 12.2 99.3 87.3 26.5 51 35.8 36.3 24.6 88.7 23.2 10.2 6.2 35.6 63.2 13.1 22.6 25.2 74.8 86.9
"155" "Daniel Vogelbach" 2020 28 136 24.3 14.7 72.2 76.6 23.4 41.3 32.4 35.3 18 89.5 10.2 8.5 7.3 41.5 51 16.5 16.1 40.8 59.2 83.5
"156" "Andrew McCutchen" 2020 34 241 19.9 9.1 75.7 83.2 27.7 48.5 34.3 34.7 20.7 89.7 18.2 8.2 8.8 41.2 58.8 16.4 21.4 38.2 61.8 83.6
"157" "Joc Pederson" 2020 28 138 24.6 8 67.9 77.4 23.8 44.6 32.5 32.8 20.8 93 12.5 10.3 4.6 44.8 67 25.1 27.9 44.3 55.7 74.3
"158" "Mike Tauchman" 2020 30 111 23.4 12.6 64.8 66.8 24.4 32 28.8 34.8 7.6 85.4 10 1.4 4.3 25.4 68.5 23.6 20.1 51.1 48.9 76.4
"159" "Gio Urshela" 2020 29 174 14.4 10.3 85.8 88.1 31.5 49.4 36.4 38.7 17.9 91.4 12.3 6.9 6.9 40.8 70.6 13.6 27.6 36.3 63.7 86.4
"160" "Starling Marte" 2020 32 250 16.4 4.8 77 73.5 26.1 41.2 31.3 32.3 15.1 87.1 6.5 6.4 4.3 30.3 72.3 15 34.1 45 55 85
"161" "Nelson Cruz" 2020 40 214 27.1 11.7 99.2 91.2 26.9 54.3 36.3 36.9 27.3 91.6 9.4 15 3.9 47.2 68.3 22 30.8 56.3 43.8 78
"162" "Christian Walker" 2020 29 243 20.6 7.8 79.2 78.6 26.6 45.4 32.3 33.2 18.7 90.4 11.5 6.4 10.5 48.5 74.4 17.9 29.9 49.3 50.7 82.1
"163" "Rougned Odor" 2020 26 148 31.8 4.7 62.3 66 19.3 42.1 26.6 23.9 22.8 86 20.7 11.8 5.4 32.3 66.1 15.2 33.4 47.5 52.5 84.8
"164" "Charlie Blackmon" 2020 34 247 17.8 7.7 80.4 75.9 27.4 42.1 31.7 33.8 14.7 86.9 13.5 4.9 5.5 29.7 69.7 15.4 29.7 42.9 57.1 84.6
"165" "Trea Turner" 2020 27 259 13.9 8.5 98.2 89.3 30.7 52.1 37.2 37.2 21.4 90.5 9.5 9.5 6 40.7 67.9 13.5 27.1 34 66 86.5
"166" "Gary Sanchez" 2020 28 178 36 10.1 61.8 71.9 19 42.8 29.7 29.1 23.8 91.6 19.3 17.4 6.5 49.5 62.2 22.2 29.3 54.4 45.6 77.8
"167" "Jackie Bradley Jr." 2020 30 217 22.1 10.6 81.4 69.5 23 37.6 29.9 31.9 14.6 88.3 4.4 7.6 4.2 36.1 66.9 22.4 23.5 36.4 63.6 77.6
"168" "Will Smith" 2020 25 137 16.1 14.6 98 94.5 28.9 53.8 38.6 40.7 24.9 90.8 24.2 12.9 9.7 47.3 62.3 11.9 15.3 29.2 70.8 88.1
"169" "Leody Taveras" 2020 22 134 32.1 10.4 70.1 68.5 23 37.4 29.1 31.1 14.4 88.9 14.3 6.5 9.1 41.6 64 25.2 29.8 39.5 60.5 74.8
"170" "Ryan O'Hearn" 2020 27 132 28 13.6 60.4 72.5 23.1 38.8 30.7 33.7 15.7 90.7 11.9 6.5 9.1 44.2 63.6 22.3 22.8 48.5 51.5 77.7
"171" "Manuel Margot" 2020 26 159 15.7 8.2 67.9 69.2 25.5 37.7 30 31.5 12.1 89.4 7.5 4.1 6.6 33.9 62.5 15.8 31 38.7 61.3 84.2
"172" "Eric Sogard" 2020 34 128 15.6 8.6 56 64.4 26 31.4 28.7 33 5.3 84.4 15.2 0 1 14.6 55 3.1 21.5 23.2 76.8 96.9
"173" "Maikel Franco" 2020 28 243 15.6 6.6 77.8 70.8 25.9 40.1 29.6 30.7 14.2 86.7 8.4 5.8 7.9 38.6 71.2 15.7 32.8 40.1 59.9 84.3
"174" "Dansby Swanson" 2020 26 264 26.9 8.3 80.9 81.1 26.6 47.1 33.7 34 20.5 89.1 14.7 11.4 4.8 40.7 70.7 26.1 24 47.7 52.3 73.9
"175" "Corey Seager" 2020 26 232 15.9 7.3 94.3 103.4 33 65.3 41 38.1 32.3 93.2 11.9 15.8 13 55.9 82.2 14.2 30.3 56 44 85.8
"176" "Phil Gosselin" 2020 32 102 26.5 9.8 72.6 67.4 23.7 36.2 28.6 31.2 12.5 85.3 13.8 6.2 9.2 29.2 59.7 20.2 23.8 35.2 64.8 79.8
"177" "Anthony Rizzo" 2020 31 243 15.6 11.5 75.5 79.4 26.6 41.2 33.9 38.2 14.6 87.7 16.7 7.8 4.8 34.7 55.7 9.8 31.6 32.9 67.1 90.2
"178" "Matt Chapman" 2020 27 152 35.5 5.3 81.2 82.9 24.5 53.9 32.9 29 29.4 93.6 24.1 18 7.9 51.7 64.9 28 25 57.3 42.7 72
"179" "Mauricio Dubon" 2020 26 177 20.3 8.5 72.2 72.7 25.7 40.3 30.5 32.4 14.6 86.2 16.7 4 4.8 30.6 75.8 18.5 32.8 37.2 62.8 81.5
"180" "Johan Camargo" 2020 27 127 27.6 4.7 61.1 54.8 18.7 31.7 23.3 23.1 13.1 87.3 9.8 4.7 5.9 32.9 69.1 29.7 30.1 42.4 57.6 70.3
"181" "Tim Lopes" 2020 26 151 22.5 4 64.2 62.2 23.4 34.7 26.6 27.5 11.2 87.2 6.5 2.8 8.3 39.4 74.4 25.6 33 38.7 61.3 74.4
"182" "Eloy Jimenez" 2020 24 226 24.8 5.3 89.1 87.1 28.5 54.6 35.5 32.5 26.1 92.4 5.7 16.5 7 55.7 75.4 22.5 37.9 39.8 60.2 77.5
"183" "Paul DeJong" 2020 27 174 28.7 9.8 67.1 72.4 24 40.8 30.3 31.6 16.8 89.2 21.7 7.5 7.5 40.6 75.1 20.9 24.4 64.4 35.6 79.1
"184" "Kyle Seager" 2020 33 248 13.3 12.9 78.8 84.5 25.3 47.3 35 37.2 21.9 89.1 17.7 10.2 6.3 39.8 62.3 13.1 20.6 40 60 86.9
"185" "Byron Buxton" 2020 27 135 26.7 1.5 84.4 81.3 24.9 55.1 32 26.2 30.1 91.2 23.6 13.5 8.3 47.9 79 18.6 48.9 45.8 54.2 81.4
"186" "Nick Markakis" 2020 37 141 16.3 7.1 70.4 70.5 28 36.9 30.1 33.6 9 89 9.5 1.9 6.5 42.1 62.1 7.5 23 27.4 72.6 92.5
"187" "Jedd Gyorko" 2020 32 135 28.1 11.1 83.8 84.5 25 50.8 34.2 33.7 25.7 88.6 15.3 16 4.9 43.2 60 21 26 54.5 45.5 79
"188" "Matt Joyce" 2020 36 148 27.7 13.5 68.2 67.2 22.6 33.7 30 33.5 11 86.7 12.5 3.4 8 32.2 66.2 23.9 25 51.2 48.8 76.1
"189" "DJ Stewart" 2020 27 112 33.9 17.9 80.3 75 19.4 39.5 32.6 35.5 20.1 91.4 17.8 19.2 1.9 46.2 75.3 28.7 23.2 52.6 47.4 71.3
"190" "Tommy Edman" 2020 25 227 21.1 7 68.5 70 26.5 36.7 30.5 33.3 10.2 86.5 8.2 3.8 4.4 33.5 60.4 11.3 25.7 36.2 63.8 88.7
"191" "Tyler Wade" 2020 26 105 21 11.4 59.3 68.3 24.3 33.1 30.5 35.2 8.8 86.7 12.6 1.5 4.4 28.8 58.3 11.4 22.2 41 59 88.6
"192" "Mark Canha" 2020 31 243 22.2 15.2 79.5 80 24.1 41.3 34.5 38.7 17.2 89.7 19.4 7.7 8.5 39.4 57.6 18.4 19.3 40 60 81.6
"193" "Bryan Reynolds" 2020 25 208 27.4 10.1 63.1 71 22.8 40 30.2 31 17.3 87.5 10.2 10.2 3.9 38.3 69.9 15.8 27.6 52.7 47.3 84.2
"194" "Donovan Solano" 2020 33 203 19.2 4.9 82.8 74.1 28.1 41.9 30.7 32.2 13.8 88.5 15.5 4.6 7.9 34.9 68.7 13.3 36.1 37.4 62.6 86.7
"195" "Brandon Lowe" 2020 26 224 25.9 11.2 91.6 91.3 26.4 55.5 36.9 35.8 29.1 89.8 18.1 17.5 5.1 43.1 72.6 28 20.9 63 37 72
"196" "Evan White" 2020 24 202 41.6 8.9 59.9 65.2 18.9 38.3 27.7 26.9 19.3 91.7 13.7 14.1 8.1 52.5 63.1 28.9 24.3 62 38 71.1
"197" "Nolan Arenado" 2020 29 201 10 7.5 73.8 67.8 23.6 38.9 27.5 28.9 15.3 87.8 19.1 5.4 4.2 33.7 66.2 9.5 32.4 32.8 67.2 90.5
"198" "Kevin Newman" 2020 27 172 12.2 7 55.5 64.7 25.4 33.6 28.3 31.1 8.2 85.5 8.7 0.7 5.1 28.3 60.2 5.7 27.7 32.6 67.4 94.3
"199" "Shed Long Jr." 2020 25 128 28.9 8.6 53.3 55.5 17.7 30.7 24.2 24.8 13 87.1 2.6 6.3 3.8 32.5 62.3 23.5 28.2 57.5 42.5 76.5
"200" "Salvador Perez" 2020 30 156 23.1 1.9 98.6 97.1 32.5 62.4 38.7 34.7 29.9 91 14.2 13.9 9.6 47 79.3 16.2 43.5 41.4 58.6 83.8
"201" "Aaron Hicks" 2020 31 211 18 19.4 79.3 84.4 25.7 43.8 36.4 40.6 18.1 88.2 11.1 6.9 6.1 38.2 66.1 22.6 15.5 48 52 77.4
"202" "Nick Solak" 2020 25 233 18 7.7 67.1 71.7 26.4 39.1 31.1 32.6 12.7 89.9 9.4 4.7 7 40.4 63.5 9.6 24.4 43.6 56.4 90.4
"203" "Pat Valaika" 2020 28 150 22.7 5.3 78.9 77 26.5 46.5 31.4 30.5 20 88.7 18.4 8.3 8.3 34.6 70 16.4 34 50 50 83.6
"204" "Rio Ruiz" 2020 26 204 22.5 8.3 71.1 64.6 21.7 36.2 26.9 28.4 14.5 88.1 11 8.5 6.4 39.1 78 19.7 28.4 46.5 53.5 80.3
"205" "Ryan Braun" 2020 37 141 19.1 5 76.5 79.3 27.2 47.5 32.5 31.8 20.3 89.8 15.3 11.7 2.9 40.8 69.4 15.4 40 45.7 54.3 84.6
"206" "Jo Adell" 2020 21 132 41.7 5.3 47.8 51.7 17.5 29.1 22.2 22.6 11.6 90.6 11.4 4.3 11.6 36.2 70.4 35.4 34 54 46 64.6
"207" "Pedro Severino" 2020 27 178 22.5 9 70.8 77.5 27 43.4 32.7 34.1 16.4 87.7 9.5 7.4 4.1 31.7 66.9 14.6 29 50.4 49.6 85.4
"208" "Anthony Rendon" 2020 30 232 13.4 16.4 91.5 89.1 28.8 47.1 37.5 42 18.3 90.1 19.5 6.3 7.6 40.5 66.7 8.8 16.6 36.4 63.6 91.2
"209" "Josh Naylor" 2020 23 104 11.5 4.8 61.8 70.2 27.8 38.2 30 32 10.4 86.8 7.8 3.5 2.4 34.1 69.8 9.7 27.1 31.4 68.6 90.3
"210" "Austin Riley" 2020 23 206 23.8 7.8 71.6 79.3 26.2 47.1 32.5 32.2 20.9 91 13.6 10 5 42.9 77.7 20.8 32.4 50.8 49.2 79.2
"211" "Jake Cronenworth" 2020 26 192 15.6 9.4 83.1 93.1 32.4 54.1 38.3 39 21.7 89.8 10.6 10.5 5.6 42.7 58.1 10.3 19 38.8 61.2 89.7
"212" "Shin-Soo Choo" 2020 38 127 26 10.2 72.3 79 25.1 45.4 32.4 33.6 20.3 90 11.4 10.1 7.6 35.4 60.2 26.8 20.1 50 50 73.2
"213" "Gregory Polanco" 2020 29 174 37.4 7.5 53.7 69.4 22.2 41.4 28.4 28 19.2 92.9 20.8 12.6 8.4 51.6 72.7 32.9 34.4 59.6 40.4 67.1
"214" "Nick Madrigal" 2020 23 109 6.4 3.7 74.5 69.7 30.4 35.5 30.8 34.2 5.1 84 4.1 0 0 20.8 61.3 6.9 25.9 20 80 93.1
"215" "Freddy Galvis" 2020 31 159 18.9 8.2 71.2 67.1 22.1 36.1 29 31 14 87 13.6 4.5 6.3 27.9 65.7 20.5 26.7 39.8 60.2 79.5
"216" "Josh Fuentes" 2020 27 103 28.2 1.9 75.9 61.1 25.3 33.9 25.9 27.2 8.6 84 10.6 1.4 5.6 23.9 72.8 14.2 38.8 42.1 57.9 85.8
"217" "Kevin Kiermaier" 2020 30 159 26.4 12.6 68.3 72.4 24.9 37.6 31.6 34.8 12.7 87.7 -0.4 6.3 3.1 41.7 72.2 19.7 23.9 58.3 41.7 80.3
"218" "Albert Pujols" 2020 40 163 15.3 5.5 66.5 69.4 24.8 40 28.5 29.4 15.2 88.6 16.4 5.5 5.5 34.4 64.6 11.6 35.4 39.7 60.3 88.4
"219" "Victor Robles" 2020 23 189 28 4.8 60.6 56.1 20.2 28 25.4 28.1 7.8 82.2 19 1.7 5.1 22.9 71.2 21.2 28.6 42.9 57.1 78.8
"220" "Alex Dickerson" 2020 30 170 17.6 9.4 94.7 84.9 27.2 50 34.6 34.9 22.8 90.9 17.8 10.7 4.1 44.3 72.8 15.4 31.5 38.5 61.5 84.6
"221" "Ben Gamel" 2020 28 127 30.7 10.2 71.8 75.2 26.9 40.9 31.8 34.3 14 87.9 11.5 6.7 4 32 59.1 11.8 25.2 68.8 31.3 88.2
"222" "Bo Bichette" 2020 22 128 21.1 3.9 84 84.2 29.1 52.3 33.7 31.9 23.2 89.2 12 12.5 9.4 40.6 71.5 9.2 43.4 40.6 59.4 90.8
"223" "Daulton Varsho" 2020 24 115 28.7 10.4 65.3 63.7 19.6 34.4 27.7 29.3 14.8 86.2 18.4 4.4 5.9 38.2 65.7 20 27.8 53 47 80
"224" "Hanser Alberto" 2020 28 231 13 2.2 69.6 59 24.5 32 25.3 27 7.5 82.2 13 1 3.1 20.4 74.2 11.1 51.3 24.2 75.8 88.9
"225" "Rhys Hoskins" 2020 27 185 23.2 15.7 88.7 89.1 23.8 51.2 36.8 37.9 27.4 89.8 24.8 14.8 5.6 42.6 61 21 22.2 41.9 58.1 79
"226" "Todd Frazier" 2020 34 172 24.4 6.4 68.4 66.9 22.7 37.3 28.1 29.6 14.7 87.8 20.5 5.2 6.1 31.3 62.1 19 28.5 41.1 58.9 81
"227" "Austin Nola" 2020 31 184 18.5 9.8 82.5 82.4 27.9 46.3 34.3 36.1 18.4 89.7 12.5 7.8 7 43.4 62.5 16 16.3 36.8 63.2 84
"228" "Andrelton Simmons" 2020 31 127 12.6 6.3 70.2 57.9 24.1 28.4 26.1 29.5 4.3 86.5 6 0 0 31.4 64.5 11.6 28 27.9 72.1 88.4
"229" "Alec Bohm" 2020 24 180 20 8.9 88.1 81.9 28.6 46.4 34.3 35.5 17.8 90.2 4.8 10.3 3.2 46.8 70.7 16.6 25.2 48.2 51.8 83.4
"230" "Ji-Man Choi" 2020 29 145 24.8 13.8 74.1 61.5 19.5 30.7 26.7 30.8 11.2 89 15.7 3.4 10.1 39.3 67.4 21.4 22.4 61.8 38.2 78.6
"231" "Luis Urias" 2020 23 120 26.7 8.3 60.2 59.1 22.6 29.4 26.3 29.7 6.8 87.7 2.3 1.3 5.2 27.3 56.3 17.2 25.5 34.9 65.1 82.8
"232" "Luis Garcia" 2020 20 139 20.9 3.6 66.8 67.2 26.8 37.8 28.6 29.4 11 83.5 -3.6 4.8 2.9 29.5 73.5 22.9 30.5 41.2 58.8 77.1
"233" "Michael Chavis" 2020 25 158 31.6 5.1 63.6 66.6 22.4 39.1 27.9 27.5 16.6 88.3 10 7.1 7.1 37.8 71.2 26.4 32.3 64.4 35.6 73.6
"234" "Robinson Cano" 2020 38 182 13.2 4.9 89.6 82.8 30.1 48.7 34.1 34.1 18.6 90.4 6.2 7.4 8.8 46.6 76.3 9.6 42 35.3 64.7 90.4
"235" "Jason Kipnis" 2020 33 135 30.4 13.3 74.4 63.5 18.3 33.9 27.5 29.6 15.6 86.2 18.2 9.3 4 30.7 57.7 14.3 23.2 53.4 46.6 85.7
"236" "Erik Gonzalez" 2020 29 193 26.4 4.1 61.3 67.4 23.9 39.6 28.3 27.8 15.7 88.5 5.5 6.7 8.2 44 74.2 19.1 35 56.1 43.9 80.9
"237" "Niko Goodrum" 2020 28 179 38.5 10.1 59.8 60.4 18.5 33.9 25.6 26.5 15.4 88.8 16 9.8 9.8 40.2 66.4 30.6 26.1 55.5 44.5 69.4
"238" "Roman Quinn" 2020 27 116 33.6 4.3 57.3 52.6 20.1 27.5 23.5 25.1 7.4 85.8 9.7 2.9 2.9 25.7 68.5 18.6 25.1 68.6 31.4 81.4
"239" "Evan Longoria" 2020 35 209 18.7 5.3 72.2 86.1 28.4 53 35.4 33.1 24.6 91.7 10.7 11.5 3.8 45.2 62.4 12.2 27.8 41.4 58.6 87.8
"240" "Jose Abreu" 2020 33 262 22.5 6.9 98.7 94.3 30 58.5 37.9 35.8 28.5 92.9 10.9 14.3 9.3 53.3 68.6 19.7 32.2 48.1 51.9 80.3
"241" "Brandon Crawford" 2020 33 193 24.4 7.8 79.2 71.5 23.8 40.2 29.8 31.3 16.4 88.7 12.4 9.4 4.7 39.4 78.1 21.7 31.7 55.1 44.9 78.3
"242" "J.D. Martinez" 2020 33 237 24.9 9.3 68 75.4 23.1 44.7 30.4 30.7 21.6 89.5 14.7 11 7.8 41.6 73.7 20.3 30.9 46.1 53.9 79.7
"243" "Eric Thames" 2020 34 140 30 10 61.7 69.1 21.9 37.7 29.2 31.4 15.8 88.7 14.6 6.2 12.3 46.9 68.2 20.3 31.6 45.5 54.5 79.7
"244" "Hunter Renfroe" 2020 28 139 26.6 10.1 64.5 69.9 19.8 40.8 29.3 29.1 21 89.4 17.3 9.3 1.2 38.4 56.9 25.5 27.2 45 55 74.5
"245" "James McCann" 2020 30 111 27 7.2 89.6 79.3 25.8 45.5 32.9 33.8 19.8 90.5 15 8.7 5.8 47.8 67.4 18.8 27.4 54 46 81.2
"246" "Max Stassi" 2020 29 105 20 10.5 88.6 92.2 27.1 56.8 37.1 35.4 29.7 91.6 15 11.1 12.5 41.7 67.9 20.6 23.1 46.2 53.8 79.4
"247" "Eugenio Suarez" 2020 29 231 29 13 78.1 80.1 21.8 47.5 32.8 32.6 25.8 89.1 17.9 14.4 5.3 44.7 63.3 21.7 23.9 53.4 46.6 78.3
"248" "Cody Bellinger" 2020 25 243 17.3 12.3 78.9 87.1 28.4 49.7 36 37.4 21.3 89.3 16.6 9.4 7 41.5 68.1 19.6 27.9 31.9 68.1 80.4
"249" "Brad Miller" 2020 31 171 26.9 14.6 80.7 86.1 25.3 48.3 36.4 37.8 23 89.8 11.2 13.4 6.2 43.3 59.7 31 23.7 45.2 54.8 69
"250" "Xander Bogaerts" 2020 28 225 18.2 9.3 86.7 79.9 25.9 47.2 32.7 32.7 21.3 89 8.7 8.6 5.5 36.8 64.2 17.4 23.8 37.6 62.4 82.6
"251" "Brian Goodwin" 2020 30 164 32.9 10.4 71.5 68.3 21.2 38.3 28.6 30 17 89.9 20.7 10.9 8.7 41.3 59.9 26.8 19.7 55.2 44.8 73.2
"252" "Lewis Brinson" 2020 26 112 26.8 5.4 63.6 66.8 24.6 38.2 28.4 28.6 13.6 88.1 7.9 7.9 3.9 36.8 71.1 20.7 36.2 47.6 52.4 79.3
"253" "Ozzie Albies" 2020 23 124 24.2 4 77.3 69.7 24 42 29.1 27.7 18 86.7 17.8 9.1 6.8 28.4 81.8 16.3 33.8 45.9 54.1 83.7
"254" "Marcell Ozuna" 2020 30 267 22.5 14.2 106.7 105 31.5 63.8 41.7 41.2 32.3 93 16.4 15.4 8.3 54.4 68.5 21 28.3 51.8 48.2 79
"255" "Matt Olson" 2020 26 245 31.4 13.9 73.4 79.1 22.4 45.5 32.6 33.6 23.1 92.3 19.6 12.8 8.3 45.9 67.4 29.5 19.8 51.9 48.1 70.5
"256" "Taylor Ward" 2020 27 102 27.5 7.8 71.6 70.9 25.1 40 29.7 30.9 14.9 91.1 10.4 4.5 10.6 47 62.2 13.1 24.2 54.5 45.5 86.9
"257" "Ian Happ" 2020 26 231 27.3 13 86.4 83.5 26.2 47 34.8 36.5 20.8 91.1 9 10.3 5.1 48.5 64.6 24.1 24.2 63.9 36.1 75.9
"258" "Victor Reyes" 2020 26 213 21.1 4.2 70.6 75.2 28.7 42.8 31.7 32.4 14.1 90 10.7 3.8 6.4 41.4 68.9 18.8 41.6 37.2 62.8 81.2
"259" "Max Kepler" 2020 27 196 18.4 11.2 76 77.8 25.8 42.8 32.9 35 16.9 88.5 21.9 5.1 7.4 38.2 66.5 11.2 24.1 47.4 52.6 88.8
"260" "Alex Bregman" 2020 26 180 14.4 13.3 80.1 76.4 25.6 40 32.7 36.4 14.4 88.9 17.3 3.9 6.3 33.6 56.2 8.2 18.1 32.9 67.1 91.8
"261" "Jose Marmolejos" 2020 27 115 27.8 6.1 67.2 73.3 23.3 44.6 30 28.7 21.3 90.5 10.5 12 4 45.3 61 19.2 29.5 58.6 41.4 80.8
"262" "Miguel Cabrera" 2020 37 231 22.1 10.4 74.6 89 29.1 52.2 36.1 36.8 23.1 93.2 12.1 9.7 5.8 49.7 70.5 18.4 29.9 55.9 44.1 81.6
"263" "Jorge Alfaro" 2020 27 100 36 4 62.4 66 22.3 38.3 27.5 27.7 16.1 89.2 2.8 7 7 49.1 80.1 28.9 44.5 60 40 71.1
"264" "Joey Bart" 2020 24 111 36.9 2.7 60.9 55.2 20.1 29.4 24 25.8 9.3 89 12.6 4.8 9.7 48.4 66.2 25.9 38.8 47.7 52.3 74.1
"265" "Omar Narvaez" 2020 28 126 31 12.7 56.2 58.5 17.3 29.4 26.2 29.1 12.1 81.6 18.7 7.2 2.9 21.7 68.7 22.8 32.6 41.4 58.6 77.2
"266" "George Springer" 2020 31 222 17.1 10.8 89.6 95.5 29.4 57 38.7 38.5 27.6 88.7 18.3 12.4 5.9 42.5 74 19.2 23.6 42.6 57.4 80.4
"267" "Carter Kieboom" 2020 23 122 27 13.9 55.6 55 18 22 26.7 33 4 85.1 11.9 0 0 20.9 67.2 12.2 25.3 55.4 44.6 87.8
"268" "Vladimir Guerrero Jr." 2020 21 243 15.6 8.2 79.1 77.1 26.3 44.1 32.1 33 17.7 92.5 4.6 8.7 6 50.8 74.2 17.4 24.5 44.1 55.9 82.6
"269" "Kevin Pillar" 2020 31 223 18.4 5.8 79.8 75.2 27 43.2 31.2 32 16.2 87.1 13.4 5.4 5.4 36.5 67.2 15.6 36.8 42.9 57.1 84.4
"270" "Wilmer Flores" 2020 29 213 16.9 6.1 83 73.8 25.1 43.9 30 29.9 18.8 87.9 19 6.1 6.1 34.4 69.7 12.6 29.6 28 72 87.4
"271" "Justin Turner" 2020 36 175 14.9 10.3 86 94.7 29.9 55.3 38.6 39.4 25.4 90.3 17.5 11.2 9.6 44 67.2 13.2 19 46.2 53.8 86.8
"272" "Jurickson Profar" 2020 27 202 13.9 7.4 76.9 76.5 28.4 41.3 32.9 35.2 12.9 87.2 11 3.2 3.2 27.7 66 14.4 28.5 32.8 67.2 85.6
"273" "Kris Bryant" 2020 28 147 27.2 8.2 64.4 63.7 20.2 34.8 27.5 28.9 14.6 86.1 20.7 5.5 9.9 31.9 74.4 22 23.8 50 50 78
"274" "Carlos Correa" 2020 26 221 22.2 7.2 70.9 72.8 25.6 40.6 30.6 32.2 14.9 88.6 11.4 5.9 6.5 41.8 65.7 14.4 31.8 40.8 59.2 85.6
"275" "Cavan Biggio" 2020 25 265 23 15.5 80.5 69.3 21.5 34.7 30.7 34.6 13.1 87.4 16.7 5 8.8 30.8 58.7 18.2 13.6 44.7 55.3 81.8
"276" "Jeimer Candelario" 2020 27 206 23.8 9.7 87.2 82 27.7 46.9 34 35.1 19.2 90.2 13.3 10.3 6.6 47.1 67.5 16.7 26 51.7 48.3 83.3
"277" "Rowdy Tellez" 2020 25 127 15.7 8.7 88.6 86.5 28.6 51 35.3 35.5 22.4 90.7 10.6 8.4 9.5 45.3 70.1 14.5 34 38.6 61.4 85.5
"278" "Michael Conforto" 2020 27 233 24.5 10.3 92.7 85.4 28.4 47.5 35.9 37.9 19.2 88.4 11 11 6.2 36.6 64.8 16.6 25.3 48 52 83.4
"279" "Paul Goldschmidt" 2020 33 231 18.6 16 88.2 91.7 28.7 51.3 38 40.4 22.6 89.2 11.7 10.7 7.4 40.9 61.1 19.6 22.5 33.3 66.7 80.4
"280" "Kyle Tucker" 2020 23 228 20.2 7.9 83.7 78.2 26.7 45.9 31.8 32.3 19.2 91.1 14.9 9.1 6.7 44.5 77.5 17.4 26.2 36.1 63.9 82.6
"281" "Mike Trout" 2020 29 241 23.2 14.5 99.3 101.8 29.2 61.3 40.8 40.5 32.1 93.7 23.1 15 8.2 55.1 57.4 13.8 14.4 43.7 56.3 86.2
"282" "Luke Voit" 2020 29 234 23.1 7.3 94.8 94.1 28.5 59.5 37.5 34.6 31 89 15.5 13.1 6.3 39.9 79.2 19.3 27.5 50 50 80.7
"283" "Jason Heyward" 2020 31 181 20.4 16.6 84.8 86.8 28.8 45.5 37.1 41.3 16.7 87.6 11.3 4.5 8 40.2 56.3 19.1 18.4 36.4 63.6 80.9
"284" "Manny Machado" 2020 28 254 14.6 10.2 95 91.4 30.4 53.9 36.8 37.5 23.5 90.2 15.6 11 3.7 43.5 71.5 14.7 24.1 40.7 59.3 85.3
"285" "Raimel Tapia" 2020 26 206 18.4 6.8 76.6 64.2 25.2 33 28.6 31.2 7.8 85.3 1.8 2 2.7 30 70.8 12.6 30.2 33.9 66.1 87.4
"286" "Tyler Naquin" 2020 29 141 28.4 3.5 63.2 77.1 26.8 47.4 31.3 29.7 20.6 91.7 13 9.5 8.4 51.6 80.1 25.4 35.7 42.3 57.7 74.6
"287" "Nomar Mazara" 2020 25 149 29.5 6.7 58.9 65.5 22.3 36.5 28.1 29 14.2 91 6.7 7.6 3.3 48.9 62.2 19.1 33.3 43.2 56.8 80.9
"288" "Fernando Tatis Jr." 2020 21 257 23.7 10.5 93.7 99.9 29.8 61.2 40.4 38.7 31.3 95.9 8.7 19.5 7.9 62.2 71.7 23.8 25.6 38.7 61.3 76.2
"289" "Austin Meadows" 2020 25 152 32.9 11.2 66.7 61.9 18.2 34.1 26.3 27.8 15.9 90.1 24.4 7.1 11.9 42.9 67.5 23.8 26.9 48.4 51.6 76.2
"290" "Howie Kendrick" 2020 37 100 17 7 70.5 78.7 28.4 45.2 32 33.5 16.8 88.8 7.3 6.6 6.6 39.5 65.9 12.3 35.7 35.2 64.8 87.7
"291" "Robbie Grossman" 2020 31 192 19.8 10.9 82.6 74.1 24 39.8 31.5 34.3 15.8 89 15.2 5.5 7.8 37.5 66 12.8 21.7 34.9 65.1 87.2
"292" "Clint Frazier" 2020 26 160 27.5 15.6 90.5 82.7 24.7 44.8 34.9 37.9 20.1 89.3 11.5 12.5 8 42.5 59.9 22.9 13.8 64 36 77.1
"293" "Shogo Akiyama" 2020 32 183 18.6 13.7 65.2 68.2 24.5 32.5 30.9 35.7 8.1 85.1 2.9 0.8 5 26.4 61.5 13.4 23.5 34.4 65.6 86.6
"294" "Andres Gimenez" 2020 22 132 21.2 5.3 73.2 68 24.6 36.1 29.6 31.9 11.5 86.8 13.5 3.3 4.4 26.4 73.2 18 30.8 40.5 59.5 82
"295" "Cedric Mullins" 2020 26 153 24.2 5.2 71.4 54.7 20.6 29.2 24.1 25.5 8.6 88.4 15.3 2.8 3.7 31.7 66 19.1 31.3 31.6 68.4 80.9
"296" "Austin Hays" 2020 25 134 18.7 6 72.2 65.5 24.6 35.5 28.2 30 10.9 87 11 4 4 31.3 61.6 10.3 35.3 34 66 89.7
"297" "Josh Reddick" 2020 33 210 20 9.5 69.2 68 24.7 36 29.1 32 11.2 85.9 19.1 4.8 4.8 29.3 68.1 16.2 25.7 39.1 60.9 83.5
"298" "Jose Altuve" 2020 30 210 18.6 8.1 62.9 64.9 23 35.2 28 29.7 12.2 86.7 9.3 4.6 5.9 33.3 67.2 12.6 35.2 32.7 67.3 87.4
"299" "Eric Hosmer" 2020 31 156 17.9 5.8 85.1 86.1 29.1 52.1 35.4 34 23 90.8 8.7 10.3 6.8 47 69 14.4 34 30.5 69.5 85.6
"300" "Jesse Winker" 2020 27 183 25.1 15.3 93.2 92.7 26.7 52.8 38.3 39.9 26.1 92.1 10.5 13.5 10.6 49 63.6 25.6 19.3 38.8 61.3 74.4
"301" "David Bote" 2020 27 145 27.6 11.7 71.1 74.8 23.3 41.5 31.8 33.3 18.1 92.4 9.3 10.5 7 52.3 58.5 20.5 21.6 45.6 54.4 79.5
"302" "Danny Mendick" 2020 27 114 21.9 5.3 66.4 57.2 22.2 30.9 25 26.3 8.7 86.2 7.4 2.4 8.4 31.3 59.7 22 24.1 33.9 66.1 78
"303" "Elvis Andrus" 2020 32 111 13.5 7.2 58.2 67.8 23.3 39 28.6 28.8 15.8 88.5 9.2 5.7 9.1 37.5 65.9 12.4 26 37.7 62.3 87.6
"304" "Didi Gregorius" 2020 30 237 11.8 6.3 82.6 71.6 26.1 39.6 29.8 32 13.5 83.8 17.8 4.2 6.8 27.9 73.8 13.3 32.3 32.2 67.8 86.7
"305" "JaCoby Jones" 2020 28 108 31.5 6.5 84.9 73.4 23.8 42.5 30.8 30.9 18.7 89.5 11 10.9 7.8 45.3 57.2 23.6 26.3 53.1 46.9 76.4
"306" "Austin Barnes" 2020 31 104 23.1 12.5 66 59.1 19.4 28.1 26.9 31 8.8 86.9 16.2 1.5 4.6 35.4 70.9 22.6 16.3 36.7 63.3 77.4
"307" "Mookie Betts" 2020 28 246 15.4 9.8 92.7 84.7 28.5 48.7 34.9 36 20.3 90.7 18.5 7.7 11 43.4 58.1 6.7 23.1 31.5 68.5 93.3
"308" "Roberto Perez" 2020 32 110 34.5 10 48 57.8 20.1 28.3 26 29.5 8.3 86 -2.5 3.4 5.1 32.2 52.7 26.8 15.6 42.9 57.1 73.2
"309" "Willson Contreras" 2020 28 225 25.3 8.9 76.3 80.2 24.9 44.1 34.1 36.1 19.2 89.8 9.1 10.4 6.7 47.8 67.6 21.3 31.1 56.1 43.9 78.7
"310" "Adalberto Mondesi" 2020 25 233 30 4.7 70.7 59.7 20.8 34.8 25.5 24.9 14 90.6 13.7 7.3 2.6 39.1 75.8 31.9 34.8 56.3 43.7 68.1
"311" "Albert Pujols" 2019 39 545 12.5 7.9 73.4 75 25.3 43.3 32.2 31.7 18 88.3 12.6 5.8 3.7 36.6 59.7 11.1 30.7 30.2 69.8 88.9
"312" "Miguel Cabrera" 2019 36 549 19.7 8.7 74.4 78.3 27.2 44.3 33.6 34 17.1 90.3 12.3 6.4 7.2 44.7 67.9 14.7 33.9 41 59 85.3
"313" "Jeff Mathis" 2019 36 244 35.7 6.1 43.3 43.9 16.3 22.5 19.6 21.4 6.2 86.1 16.8 1.4 3.5 26.4 68.4 30.6 34.2 50 50 69.4
"314" "Shin-Soo Choo" 2019 37 660 25 11.8 82.6 85.3 26.6 48 36.5 37.3 21.4 91.9 9.2 8.8 9 49 64.1 21 20.1 55.7 44.3 79
"315" "Yadier Molina" 2019 37 452 12.8 5.1 71.1 76.3 27.3 44.4 32.8 31.9 17.1 87.4 13.9 3.8 7.4 35 75.3 14.6 38.2 27 73 85.4
"316" "Robinson Cano" 2019 37 423 16.3 5.9 73.6 78.8 28.3 45.6 33.5 33.2 17.3 90.9 7.4 7.4 6.2 46.3 74.2 10.8 35.5 35.3 64.7 89.2
"317" "Edwin Encarnacion" 2019 36 486 21.2 11.9 87.5 88.7 25 53.4 37.2 35.3 28.4 90.2 22.3 12.9 5.7 42.9 65.8 20.4 25.2 36.2 63.8 79.6
"318" "Adam Jones" 2019 34 528 19.1 5.9 72.7 74.7 25.8 43.4 32.1 31.3 17.7 86.1 13.4 6.7 5.4 31 71.6 15.1 39.1 45.8 54.2 84.9
"319" "Russell Martin" 2019 36 249 24.1 12 66.7 68.8 22.1 34.8 30.7 34 12.7 88.2 10.6 5.3 2 34 61.2 18.5 17.2 60.5 39.5 81.5
"320" "Curtis Granderson" 2019 38 363 27 11.3 63.7 71.2 21.7 39.8 31.1 31.4 18.1 88.8 19.3 7.2 6.8 34.8 59.1 15.1 22.1 47.3 52.7 84.9
"321" "Kendrys Morales" 2019 36 201 12.9 12.9 56.6 83.7 27.6 45.1 36.9 38.6 17.5 91.3 9.5 6.9 6.2 44.8 58.8 11.8 21.4 33.7 66.3 88.2
"322" "Howie Kendrick" 2019 36 370 13.2 7.3 96.6 101.9 33.6 62.6 42.6 39.3 29 91.7 10.8 11.4 8.6 48.3 64.1 8.8 31.2 33.6 66.4 91.2
"323" "Ian Kinsler" 2019 37 281 19.2 6.8 64.6 57.9 20.8 30.9 25.9 27 10.2 84.3 17.3 1.5 4.4 23.4 68.5 14.7 25.4 31.6 68.4 85.3
"324" "Brian McCann" 2019 35 316 16.8 9.8 73.4 73.7 24.4 41.3 32.1 32.4 16.9 88.8 11.4 5.7 6.5 35.2 64.2 15.9 27 25.3 74.7 84.1
"325" "Neil Walker" 2019 34 381 20.2 11 73.8 79.2 27 43.8 34.4 35.4 16.9 86.2 11.5 6.5 5.7 31 67.3 17.1 29.8 43.4 56.6 82.9
"326" "Kurt Suzuki" 2019 36 309 11.7 6.5 80.9 81 28.3 46.7 34.6 34.3 18.4 86 18.9 6.5 4.5 32.4 74.2 10.5 29.7 38.9 61.1 89.5
"327" "Ian Desmond" 2019 34 482 24.7 7.1 78.8 80.8 27.3 48.1 34.3 32.7 20.8 90.9 8.7 10.4 4.9 42.5 67.8 17.2 25.9 47.6 52.4 82.8
"328" "Nelson Cruz" 2019 39 521 25.1 10.7 103 102.5 29.4 64.3 42 38.2 34.9 93.7 13.1 19.9 8.3 51.5 69.8 21.8 27.3 54.5 45.5 78.2
"329" "David Peralta" 2019 32 423 20.6 8.3 80.4 70.7 25.1 38.5 30.8 32.2 13.4 90.1 6.4 5.4 4.7 40.9 68.7 15 34.9 39.7 60.3 85
"330" "Manny Pina" 2019 32 179 27.9 8.9 72.4 72.6 22.8 41.2 31.1 31.4 18.4 88.6 16.2 8.3 5.5 34.3 65.3 21.7 26.6 39.2 60.8 78.3
"331" "Jon Jay" 2019 34 182 16.5 4.4 61.7 62.3 25.2 32.6 27.6 29.7 7.4 83.1 5.8 1.4 1.4 12.8 66.2 9.7 32.2 29.4 70.6 90.3
"332" "Martin Prado" 2019 36 260 15.8 4.6 55.9 62.9 25.5 34.1 27.6 28.8 8.6 87 8.3 0.5 4.3 28.5 57.9 6.3 28.4 30.2 69.8 93.7
"333" "Lucas Duda" 2019 33 119 26.9 9.2 57.6 76 22.5 46 31.6 30 23.4 91.5 22.5 12 8 45.3 63.6 17.9 25.5 50 50 82.1
"334" "Matt Wieters" 2019 33 183 25.7 6.6 70.2 68.3 22.1 40.9 29 27.4 18.8 88.8 13.8 7.3 8.1 34.1 63.7 19.9 27.5 32.1 67.9 80.1
"335" "Evan Longoria" 2019 34 508 22 8.5 76.2 84.9 27.6 50.4 36 34.5 22.8 89.7 14 7.5 8.4 40.8 64.6 21.2 30.1 35 65 78.8
"336" "Zack Cozart" 2019 34 107 15 4.7 32.2 54.6 21.1 27.9 25.2 26.7 6.8 85.9 21.6 1.2 3.6 21.4 62.3 11.7 18.3 46.9 53.1 88.3
"337" "Sean Rodriguez" 2019 34 139 29.5 13.7 71.3 66 19.6 33.2 30.2 32.8 13.6 88.3 13.5 5.3 11.8 36.8 69.3 25.4 23.3 55.8 44.2 74.6
"338" "Mark Reynolds" 2019 36 162 35.2 13.6 60.1 59.1 16.7 29.8 27.2 29.3 13.1 88.9 17.5 6.2 3.7 37 66.7 28.5 24.1 63.9 36.1 71.5
"339" "Chris Davis" 2019 33 352 39.5 11.1 60.1 68.7 20.8 38.3 30 30.4 17.5 89.1 14.1 10.5 8.8 39.2 57.3 25.6 25.1 63.7 36.3 74.4
"340" "Ben Zobrist" 2019 38 176 13.6 13.1 67.1 67.2 24.7 32.4 30.6 34.8 7.6 85.8 5.3 0.8 3.1 23.4 53.7 8.8 20.9 29.1 70.9 91.3
"341" "Dexter Fowler" 2019 33 574 24.7 12.9 75.4 79.1 25.4 43 34.4 36.1 17.6 85.5 12.9 7.4 4.6 28.7 66.4 21.2 23 42.2 57.8 78.8
"342" "Tyler Flowers" 2019 33 310 33.9 10 73.3 67.8 19.9 38.4 29.2 29.4 18.5 90.1 11.1 11.3 4.8 41.1 67.9 28.6 26.6 56.3 43.7 71.4
"343" "Hunter Pence" 2019 36 316 21.8 8.2 91 85 28.1 50.6 35.9 34.4 22.5 91.4 10.1 9.1 8.7 42.6 73.3 25 34.5 41.3 58.7 75
"344" "Asdrubal Cabrera" 2019 34 514 20 11.1 78.3 74.7 24.1 41.8 32.3 32.9 17.7 89.1 14.4 5.7 6.3 35.3 66 16.3 25.2 32 68 83.7
"345" "Charlie Blackmon" 2019 33 634 16.4 6.3 94 88.6 30.1 53.2 37.3 35.4 23.2 88.7 14.5 8.3 7.9 40.3 70.2 13.7 30.2 32.5 67.5 86.3
"346" "Todd Frazier" 2019 33 499 21.2 8 77.2 72.8 23.8 41.1 31.6 31.7 17.4 88.2 17.3 7.3 7 38.3 62 16.3 26 44.9 55.1 83.7
"347" "Chris Iannetta" 2019 36 164 32.9 11 72.8 74.8 23.4 42.4 31.9 32.4 19 92.1 8.7 14.3 6.6 51.6 66.9 25.3 16.4 76.9 23.1 74.7
"348" "Martin Maldonado" 2019 33 374 23 8.6 67 69 21.7 39.1 30.1 29.9 17.4 88.1 12.6 7.6 6.8 34.6 62.4 15.2 27.5 45.1 54.9 84.8
"349" "Robinson Chirinos" 2019 35 437 28.6 11.7 78.8 73.7 21.6 40.5 32.1 33.2 18.9 87 16.9 8.1 6.9 37 67.6 22.9 29.8 54.9 45.1 77.1
"350" "Nick Markakis" 2019 36 469 12.6 10 77.6 81.3 30.2 43.8 35.6 37.5 13.6 91.2 7.3 3 4.7 44.3 60.2 9.7 24.9 20.9 79.1 90.3
"351" "Welington Castillo" 2019 32 251 29.5 6.4 68.4 70.4 21.8 42.7 30 27.7 20.9 89.5 13.2 11.4 7 42.4 61.2 19.9 25.7 50 50 80.1
"352" "Eduardo Nunez" 2019 32 174 15.5 2.3 54.7 58.7 25 32.2 25.6 26.5 7.2 88.1 5.9 1.4 1.4 33.3 70.9 11.7 36.6 27 73 88.3
"353" "Lorenzo Cain" 2019 33 623 17 8 69.6 77.7 29.2 42.2 34 35.5 13 89.4 6.6 4.1 5.2 42.1 65.3 9.9 25.2 41.4 58.3 90.1
"354" "Donovan Solano" 2019 32 228 21.5 4.4 81.5 81.6 32.1 46.3 35.1 35.3 14.2 87 14.5 4.2 6 43.1 65.7 13.7 36 28.7 71.3 86.3
"355" "Andrew McCutchen" 2019 33 262 21 16.4 83.4 83.6 25.9 45.6 36.4 38 19.7 90.6 12.7 7.3 5.5 40.9 56.1 17.9 14.5 56 44 82.1
"356" "Justin Upton" 2019 32 256 30.5 12.5 72.4 74.1 21.9 42.6 31.9 31.5 20.7 87.2 18.5 11.6 6.2 37 63.5 23.6 23.7 55.9 44.1 76.4
"357" "Cameron Maybin" 2019 32 269 26.8 11.2 85.8 80.3 25.7 46.3 34.4 34 20.6 89.4 11.8 10.2 3.6 39.5 61.4 18.6 24 51.1 48.9 81.4
"358" "Justin Turner" 2019 35 549 16 9.3 88.1 89.9 29 52.4 38.2 37.5 23.5 90.3 17.8 7.8 9.3 43 66.5 13.1 24.5 27.8 72.2 86.9
"359" "Buster Posey" 2019 32 445 16 7.6 68.7 74 25.4 42.3 32 31.7 16.9 88.6 9.1 4.8 6.8 36.3 67.2 12 27.9 33.6 66.4 88
"360" "Jay Bruce" 2019 32 333 24.6 5.7 78.4 85.5 25.1 55.9 35.2 29.6 30.8 90.2 21.4 13.4 8.2 43.7 79.6 20.3 37 49.4 50.6 79.7
"361" "Joey Votto" 2019 36 608 20.2 12.5 76.8 81.1 26.1 45.1 35 36 19 88.8 15.3 6.9 5.7 38.2 65.4 13.7 18.5 37.1 62.9 86.3
"362" "Brett Gardner" 2019 36 550 19.6 9.5 82.9 69.5 24.1 37.5 30.6 32 13.4 87.7 13.9 3.9 6 32.6 55.3 11.3 22 39.8 60.2 88.7
"363" "Matt Joyce" 2019 35 238 18.9 16 85.8 84.6 27.6 45.4 36.8 39.2 17.9 87.7 16.8 6.5 6.5 33.5 66.1 20.3 22.8 38.5 61.5 79.7
"364" "Ryan Braun" 2019 36 508 20.7 6.7 84.6 81.3 27.1 48.2 34.7 33.1 21.2 91.4 7.1 9.8 5.3 45.3 72 13.1 34.5 43.8 56.3 86.9
"365" "Alex Gordon" 2019 35 633 15.8 8.1 74 78.1 26.2 43.7 33.9 34.4 17.6 88.7 9.3 5.4 5.8 38.4 70.6 14.3 26.6 41 59 85.7
"366" "Elvis Andrus" 2019 31 648 14.8 5.2 70.7 72.5 27.5 40.7 31.6 31.8 13.2 88.4 7.3 3.5 4.5 34.8 61 9.6 32.6 37.1 62.9 90.4
"367" "Francisco Cervelli" 2019 33 160 25.6 8.1 64.8 66.4 21.1 36.4 29.2 30 15.3 86.9 12 5.9 9.9 31.7 63.5 17.7 19.9 48.4 51.6 82.3
"368" "Melky Cabrera" 2019 35 397 10.3 4.3 71.2 69.5 28.1 38.1 30 31.4 10 88.2 9.1 2.1 4.7 33 71.9 8.4 34.3 27 73 91.6
"369" "Pablo Sandoval" 2019 33 296 22.6 6.1 81.8 80.6 27.5 48.4 34 32.2 21 89.8 10.7 11.4 4.3 44.7 75.8 21.4 38.4 34.4 65.6 78.6
"370" "Wilson Ramos" 2019 32 524 13.2 8.4 76.8 73.6 26.4 40.5 31.8 33.1 14 90 -0.1 4.7 3.7 42.5 74.9 13.8 34.1 34.4 65.6 86.2
"371" "Carlos Santana" 2019 33 686 15.7 15.7 91.1 87.9 27.1 49.1 37.2 38.8 22.1 91.8 11.8 9.6 5.8 44.9 63.6 15.4 17.7 35.5 64.5 84.6
"372" "Gerardo Parra" 2019 32 301 19.6 6.3 68.3 70.4 25 39.4 30.5 31 14.5 86.2 10 4.6 5 21.6 71.2 14.4 31.5 39.1 60.9 85.6
"373" "Carlos Gonzalez" 2019 34 166 31.3 10.8 57.2 62.3 20.4 32.8 27.5 29.5 12.4 87.6 1.4 6.3 5.3 34.7 71.6 26.9 34.4 49.2 50.8 73.1
"374" "Jordy Mercer" 2019 33 271 21 4.8 74.7 76.5 26.7 45.7 32.3 30.8 19 86.9 13.2 6.5 8.5 36.2 56.3 12.7 27.1 38.3 61.7 87.3
"375" "Brandon Belt" 2019 31 616 20.6 13.5 74.2 81.6 24.4 46.5 35 35.1 22.1 87.3 22.4 8.7 9.7 35.7 74.6 15.7 22.6 42.1 57.9 84.3
"376" "Yonder Alonso" 2019 32 335 20.9 11.6 64.1 70.7 23.2 38 30.8 32.7 14.8 88.1 14.1 5.4 6.7 39.3 70.7 15.7 27.1 45.7 54.3 84.3
"377" "Justin Smoak" 2019 33 500 21.2 15.8 74.8 88 25.1 50.2 37.3 37.8 25 90.3 16.7 11 8.4 39.8 63.1 14.2 19.8 50.2 49.8 85.8
"378" "Ryan Zimmerman" 2019 35 190 20.5 8.9 73.6 77.9 25.2 45.9 33.3 32 20.7 91.4 9.7 7.5 11.2 49.3 56.8 15.8 26.8 45.9 54.1 84.2
"379" "Alex Avila" 2019 32 201 33.8 17.9 77.4 88.2 23.2 50.9 36.5 37.3 27.7 91.4 9.4 18.8 5.2 49 56.9 28.5 13.2 76.8 23.2 71.5
"380" "Michael Brantley" 2019 32 637 10.4 8 87.5 85.1 30.1 48.5 36.5 36.6 18.4 88.9 10.7 5.5 6.8 37.3 60.8 5.4 26 23.9 76.1 94.6
"381" "Jason Castro" 2019 32 275 32 12 76.6 87.5 25 52.6 36.8 34.9 27.6 91.8 14.4 17.2 7.9 47 67.6 30.2 23.1 57.1 42.9 69.8
"382" "Yuli Gurriel" 2019 35 612 10.6 6 88.4 75.3 28.3 42.1 32.5 33.2 13.8 89.3 14.3 3.6 4.2 38.1 66.7 9.5 34.2 24.6 75.4 90.5
"383" "Gordon Beckham" 2019 33 240 28.3 5.4 64.3 67 22.4 39.1 28.9 27.9 16.7 86.2 14.1 9 4.5 36.8 67.7 22.8 32.6 38.7 61.3 77.2
"384" "Ronny Rodriguez" 2019 27 294 27.9 4.4 69 69.4 22.3 43.5 29.2 25.9 21.2 88.9 16.3 7.5 9 40.6 68 25 44.8 49.3 50.7 75
"385" "Miguel Rojas" 2019 30 526 11.8 6.1 71 70.5 27.5 37.9 31 32.6 10.5 87.4 9.1 2.6 2.3 28.8 64 10 29.8 30.7 69.3 90
"386" "Eduardo Escobar" 2019 30 699 18.6 7.2 83.1 78.8 25.9 47.3 33.2 31.5 21.5 87.7 18.4 7 7.9 31.4 71.3 17.8 37.7 35.2 64.8 82.2
"387" "Jose Martinez" 2019 31 373 22 9.4 75.1 82.2 27.5 47.5 35.1 34.7 19.9 88.9 6.9 7.1 8.7 39.3 61.1 17.7 26.6 34.9 65.1 82.3
"388" "Ehire Adrianza" 2019 30 236 16.9 8.5 75.9 75.7 27.2 40.4 33.4 35.3 13.3 86.6 14.9 3.6 4.2 28 69.1 12.6 29.1 30.8 69.2 87
"389" "Juan Lagares" 2019 30 285 26.3 7.7 60.3 57.8 20.9 30 25.3 27.8 9 88.2 10.7 3.2 2.7 34.4 66 15.2 33.4 42.6 57.4 84.8
"390" "David Freese" 2019 36 186 23.7 12.4 100.2 91.8 29.1 53.6 38.9 38.2 24.6 91.5 11 15.3 2.5 50.4 63.1 21.1 27.7 45.3 54.7 78.9
"391" "Khris Davis" 2019 32 533 27.4 8.8 67.9 75.7 23.6 44.6 32.3 31.1 21 90.2 13 9.8 8 40.4 79.6 26.6 27.5 57.4 42.6 73.4
"392" "Tommy Pham" 2019 31 654 18.8 12.4 81.8 85 28.2 47.3 36.6 37.7 19.1 90.9 5.2 7.9 4.9 45 61.6 12.7 16.4 47 53 87.3
"393" "J.D. Martinez" 2019 32 657 21 11 93.9 96.6 30.6 57.8 40.2 38.8 27.2 91.3 12.4 11.8 7.5 47.9 72.5 16.4 29.8 48.3 51.7 83.6
"394" "Josh Reddick" 2019 32 550 12 6.5 72.6 72.5 27.6 40 31.8 32.5 12.5 86.1 15.7 3.4 4 29.4 74 9.2 29.6 27.9 72.1 90.7
"395" "Mike Freeman" 2019 32 213 28.6 10.3 74.2 62.2 21.8 30.7 28.3 31.5 8.9 85.6 8.9 2.4 5.6 27.8 60.5 18.5 24.9 43.3 56.7 81.5
"396" "Jarrod Dyson" 2019 35 452 19 10.4 63.2 61.2 22.4 30.1 27.9 31.1 7.7 83.9 9.6 1.6 2.5 21.8 62.7 14.9 21.7 41 59 85.1
"397" "Daniel Murphy" 2019 34 478 15.5 6.7 77.8 68.5 25.4 37.9 29.8 30.6 12.4 86.3 14.6 2.4 5.4 28.3 68.4 8.3 30.1 28.8 71.2 91.7
"398" "Paul Goldschmidt" 2019 32 682 24.3 11.4 82 86.5 26.1 51.7 36.4 34.8 25.7 90.1 15.4 11.3 9 42.4 66.6 22.3 28.4 35 65 77.7
"399" "Marwin Gonzalez" 2019 30 463 21.2 6.7 73.6 77.1 26.7 44.5 32.9 32.6 17.8 90.7 11 6.4 4.3 44 68.1 15.9 33.4 38.3 61.7 84.1
"400" "Sandy Leon" 2019 30 191 24.6 6.8 54.3 49.5 17.6 25.3 22.9 24.2 7.8 85.3 21.5 1.5 5.4 25 61.5 13.4 29.6 33.9 66.1 86.6
"401" "Jose Altuve" 2019 29 548 15 7.5 90.2 83.6 27.7 49.9 35.6 33.7 22.2 87.3 9.7 8.1 4 34.5 66.8 15.5 30 31.4 68.6 84.5
"402" "Cesar Hernandez" 2019 29 667 15 6.7 74.1 70.7 26.9 38.3 30.9 32.4 11.4 86 9.5 2.7 2.7 28.3 64.1 11 27.2 31.7 68.3 89
"403" "Jean Segura" 2019 29 618 11.8 4.9 74.2 72.7 27.5 40.8 31.7 31.9 13.4 88.2 7.2 3.2 5.9 32.7 60.2 7.8 35.4 25.1 74.9 92.2
"404" "Starlin Castro" 2019 29 676 16.4 4.1 73.6 74.1 26.9 43.9 31.6 30.2 17 88.6 10.9 6.2 4.1 37.7 67.4 12.1 31.4 33.9 66.1 87.9
"405" "Starling Marte" 2019 31 586 16 4.3 84.4 86.8 30.3 51.6 36.9 35.2 21.3 88.6 8.2 8 5.5 38.6 76.1 17.2 33.4 40.9 59.1 82.8
"406" "Charlie Culberson" 2019 30 144 30.6 4.2 72.9 67.7 23.8 40.3 28.8 27.4 16.5 88.3 13.2 7.5 4.3 30.1 71.9 19.8 40.1 52.1 47.9 80.2
"407" "Travis d'Arnaud" 2019 30 391 21.7 8.2 74.5 78.7 26.4 45.8 33.8 32.9 19.5 90 14.6 7.7 8.5 39.7 69.3 20.4 31.9 38.9 61.1 79.6
"408" "Daniel Descalso" 2019 33 194 29.4 11.9 51.8 59.3 19.3 30.3 26.8 29 11 88.8 11.4 4.4 4.4 31 63.1 19.6 19.3 56.6 43.4 80.4
"409" "Derek Dietrich" 2019 30 306 24.2 9.2 78.9 81.3 22.5 45 35.4 36.3 22.6 87.4 20.8 11.2 5.6 31.4 71.4 23.6 29 46.6 53.4 76.4
"410" "Josh Donaldson" 2019 34 659 23.5 15.2 90 92.7 26.9 53.9 39 38.8 27 92.9 13.3 15.7 5.1 50.5 68.8 25.9 23.1 39.9 60.1 74.1
"411" "Freddie Freeman" 2019 30 692 18.4 12.6 93.8 97.2 29.7 58.1 40.2 39.1 28.4 89.8 14.3 12.5 7 42.5 80.3 19.7 29.3 34.5 65.5 80.3
"412" "Yasmani Grandal" 2019 31 632 22 17.2 84.8 86.2 24.3 48.2 36.9 38 23.9 90.7 14.3 11.3 8.7 41.8 58.6 17 21.3 45.3 54.7 83
"413" "Jason Heyward" 2019 30 589 18.7 11.5 77.2 75.9 26.1 40.7 33.1 35.2 14.6 88.8 11.3 5.7 5.9 36.5 66.1 16.3 27.6 35.2 64.8 83.7
"414" "DJ LeMahieu" 2019 31 655 13.7 7 89.2 90.3 31.9 53.3 38.4 37 21.4 91.9 6.5 7.5 6.8 48.5 64.3 10.6 27.1 28.4 71.6 89.4
"415" "Jonathan Lucroy" 2019 33 328 15.5 8.2 66 68.7 24.1 37 30.3 31.7 12.9 86.9 12.5 2.9 6.9 32.5 52.9 7.7 24.7 30.6 69.4 92.3
"416" "Mitch Moreland" 2019 34 335 22.1 10.1 83.5 83.8 25.7 50.2 35.5 33.6 24.5 90.8 10.1 11.5 5.3 45.6 74.7 19.3 25.1 52 48 80.7
"417" "Mike Moustakas" 2019 31 584 16.8 9.1 84.5 84.7 26.3 50.9 35.4 33.8 24.6 89.5 17.4 10.3 6.1 40.8 71.8 17.8 31.3 38.4 61.6 82.2
"418" "Anthony Rizzo" 2019 30 613 14 11.6 92.4 91.3 30.1 49.8 39.4 41.5 19.7 89 12.6 6.8 5.6 37 63.4 13.7 31.9 28.9 71.1 86.3
"419" "Austin Romine" 2019 31 240 20.8 4.2 74.7 72.9 26.3 43.5 31.1 29.4 17.2 88.5 10.9 6.7 5.6 40.2 76.3 14.4 38 38.9 61.1 85.6
"420" "Eric Sogard" 2019 33 442 14.3 8.6 80.8 71.1 26.8 37.6 31.1 33.5 10.8 85.7 19.3 2.1 3.2 20.4 54.8 6 23.9 22.1 77.9 94
"421" "Eric Thames" 2019 33 459 30.5 11.1 85.1 77.2 22.8 44.2 33 33 21.5 90.7 18.6 9.3 8.9 44.2 70.5 21.2 28.6 54.9 45.1 78.8
"422" "Stephen Vogt" 2019 35 280 23.6 7.1 80.4 80.4 25.6 49.4 33.6 31 23.7 89.8 22.4 10.4 9.3 41.1 69.2 19.5 35.9 38.1 61.9 80.5
"423" "Freddy Galvis" 2019 30 589 24.6 4.8 73.3 67.1 24 39.4 28.7 27.7 15.4 88.8 14.7 5.5 5.1 36.4 71.8 21.3 37.9 41.3 58.7 78.7
"424" "Logan Forsythe" 2019 32 367 27.2 12 67.8 74.6 23.8 41.1 32.5 33.5 17.3 89.3 12.3 5.5 7.8 40.1 52.9 17.6 11.7 38.9 61.1 82.1
"425" "Wilmer Flores" 2019 28 285 10.9 5.3 84.8 78.6 29.2 44.8 33.8 33.8 15.7 87.4 16.4 5.1 4.7 30.6 62.1 7.8 29.3 17.5 82.5 92.2
"426" "Cesar Puello" 2019 28 147 25.9 6.8 73.8 72.7 23.7 38.1 32.2 34.6 14.4 86.3 -3.5 6.8 2.3 26.1 59.8 16.5 31.2 53.1 46.9 83.5
"427" "Avisail Garcia" 2019 28 530 23.6 5.8 79.6 83.2 27.8 50.2 35.1 33 22.4 89.5 9.8 11.7 6.8 40.3 81.3 20.8 36 52.7 47.3 79.2
"428" "Hernan Perez" 2019 28 246 26.8 4.5 63.9 60.6 22.5 34.5 26.5 26.1 12 88.5 9.1 4.1 5.9 35.9 67.1 22.4 38.1 34.8 65.2 77.6
"429" "Ender Inciarte" 2019 29 230 17.8 11.3 74 65.8 23.4 32.3 29.6 33.5 9 83 9.7 1.9 3.8 17.6 68.8 17.4 28.4 28.6 71.4 82.6
"430" "Marcell Ozuna" 2019 29 549 20.8 11.3 80 92.1 29.1 54.8 38.7 37.3 25.7 91.8 13.5 12.1 6.7 49.2 68.1 16.7 27.6 47.9 52.1 83.3
"431" "Jonathan Villar" 2019 28 714 24.6 8.5 79.1 73.1 24.7 41.4 31.6 31.7 16.6 88.9 8.2 6.8 5.7 37.1 73.3 21.3 27.7 42.5 57.5 78.6
"432" "Danny Santana" 2019 29 511 29.5 4.9 85.7 82.1 27.6 50.2 34.6 31.9 22.6 91.4 13.5 9.5 7.3 43.6 73.9 23.8 38.4 47.4 52.6 76.1
"433" "Jesus Aguilar" 2019 29 369 22 11.7 71.1 78 24.6 44.3 33.6 33.7 19.7 89.4 13.8 7.5 7.5 38.3 63.8 20.5 27.7 36.8 63.2 79.3
"434" "Tim Beckham" 2019 29 328 31.1 6.4 75.3 70.6 22.2 42.6 30.1 28 20.4 87.2 10.8 8.4 8.4 33.8 64.8 19.7 29.4 52.2 47.8 80.3
"435" "Jon Berti" 2019 29 287 25.4 8.4 75.5 73 26.3 38.9 32.3 34.1 12.6 86.9 5.2 3.8 3.8 38 59.9 18.7 21.8 42.3 57.7 81.3
"436" "Keon Broxton" 2019 29 228 45.6 8.8 51.6 53.4 16.4 29.1 23.7 24.3 12.7 88.1 10.3 5.8 7.8 30.1 65.5 36.1 23.6 69.6 30.4 63.9
"437" "Brandon Crawford" 2019 32 560 20.9 9.5 65.4 72.8 24.4 40.8 31.3 32 16.4 87.8 8.3 5.4 6.5 35.1 77.1 21.5 28.3 44.8 55.2 78.5
"438" "C.J. Cron" 2019 29 499 21.4 5.8 78 88.4 27.7 55 36.9 33.4 27.3 91.1 12.7 15 4.8 45 69.1 17.6 32.5 40.3 59.7 82.4
"439" "Alex Dickerson" 2019 29 190 22.1 6.8 82 82.1 27.5 48.6 35.2 33.5 21.1 89.9 15.9 9 10.5 43.6 69.7 15.3 30 44.4 55.6 84.7
"440" "Yan Gomes" 2019 32 358 23.5 10.6 70.4 71.3 22 39.8 30.6 31.5 17.9 87.6 17.9 6.9 6.5 36.1 67.2 19.8 34.2 35.7 64.3 80.2
"441" "Robbie Grossman" 2019 30 482 17.8 12.2 68.2 75.2 26.8 39.2 33.2 36 12.4 87.7 12 2.4 5.7 30.9 59.8 9.9 16.3 35.9 64.1 90.1
"442" "Josh Harrison" 2019 32 147 18.4 4.1 48 69.6 24.2 41.4 29.7 28.2 17.3 86.3 19.6 5.4 5.4 29.5 75.4 24.8 37.3 31.6 68.4 75.2
"443" "Aaron Hicks" 2019 30 255 28.2 12.2 76.9 68.2 20.6 37.8 29.7 30.4 17.2 89.7 13.6 9.2 2 37.1 62.1 22.6 22.7 51.1 48.9 77.4
"444" "John Hicks" 2019 30 333 32.7 3.9 62 59.3 20.4 35.8 25.3 23.5 15.4 87.9 16.2 6.6 6.6 29.9 78.4 26.5 45.9 50.7 49.3 73.5
"445" "Eric Hosmer" 2019 30 667 24.4 6 73.5 72 25.5 41.7 30.9 30.3 16.2 90.8 2.1 7.2 4.8 46 71.7 17.8 32.8 48.1 51.9 82.2
"446" "Jason Kipnis" 2019 32 511 17.2 7.8 71.2 74.6 25.9 42.5 32.2 32.1 16.6 88.1 14.1 5.5 5.8 34.4 65.4 11.5 26.5 42.4 57.6 88.5
"447" "James McCann" 2019 29 476 28.8 6.3 78.8 76.7 25.9 45.2 32.7 31.5 19.3 90.2 10.8 9.2 5.6 44.2 67.8 18.9 32.9 47.3 52.7 81.1
"448" "Brad Miller" 2019 30 170 26.5 8.8 89.4 83.4 24.4 51.8 34.9 31.6 27.4 92.6 17.7 12.8 2.8 46.8 70.2 24.8 24.3 45.3 54.7 75.2
"449" "Austin Nola" 2019 30 267 23.6 8.6 79.5 69 23.8 37.4 30.3 31.6 13.6 87.4 16.3 3.4 9 35.6 63.3 16.1 22 43.1 56.9 83.9
"450" "Anthony Rendon" 2019 29 646 13.3 12.4 101 101.2 31.5 60 42 41.2 28.5 90.4 19.5 12 6.6 46.6 68.1 8.1 20.7 27 73 91.9
"451" "Marcus Semien" 2019 29 747 13.7 11.6 89.2 86.5 27.5 50.3 36.7 36.2 22.8 88.9 14.9 8.5 5.2 38.1 66.4 12.3 19.2 38.7 61.3 87.7
"452" "Travis Shaw" 2019 29 270 33 13.3 55.1 64.4 18.4 33.8 28.3 30.6 15.4 89 24.9 7.1 3.5 37.9 64.9 24.5 25.6 42.1 57.9 75.5
"453" "George Springer" 2019 30 556 20.3 12.1 97.4 96.5 28.8 58.2 40.4 38.3 29.4 89.8 10.4 14.1 5.9 44.8 69 20.1 20.9 47.1 52.9 79.9
"454" "Dee Strange-Gordon" 2019 31 421 14.5 4.3 66 59.9 25.1 31.3 26.5 28.6 6.2 84.3 5.9 0 1.5 19 72.4 12 34.4 25 75 88
"455" "Christian Vazquez" 2019 29 521 19.4 6.3 79.6 74.9 25.3 44.7 31.7 30.2 19.4 89.4 13.2 5.9 8.8 40.1 68.2 14.9 32.5 32.3 67.7 85.1
"456" "Kolten Wong" 2019 29 549 15.1 8.6 78 69.9 25 36.5 30.7 33.4 11.5 86.1 12.7 2.2 4.2 25.4 66.9 11.4 29.3 33.9 66.1 88.6
"457" "Didi Gregorius" 2019 29 344 15.4 4.9 71.8 69.4 24.5 40.8 29.7 28.6 16.3 88.2 17.7 5.5 6.6 35.8 76.6 13.7 37.4 38.6 61.4 86.3
"458" "Leury Garcia" 2019 28 618 22.5 3.4 68.2 64 24.7 35.9 27.9 28.1 11.2 88.2 6.2 3.8 3.1 29.9 72.1 16.7 35.7 40.6 59.4 83.3
"459" "Ildemaro Vargas" 2019 28 211 11.4 4.3 71.2 67.1 26.4 37.5 29.1 29.6 11.1 87.1 3.2 3.4 2.8 30.3 60.1 8.3 29.2 20.2 79.8 91.7
"460" "Randal Grichuk" 2019 28 628 26 5.6 73.8 72.7 24.1 43.7 30.9 29 19.6 89.3 16 8.5 7.3 39.8 69.4 16.7 33.3 48.9 51.1 83.3
"461" "Jake Marisnick" 2019 28 318 29.9 5.3 69.7 59.5 20.1 33.4 26.1 26.1 13.3 86.7 11.7 4 6 31.2 72.5 18.4 33 51.9 48.1 81.6
"462" "Max Stassi" 2019 28 147 33.3 8.2 37.8 51.3 17.5 26.2 23.6 25.1 8.7 89.3 12.4 3.5 4.7 41 62.4 25 22.7 67.3 32.7 75
"463" "Mike Trout" 2019 28 600 20 18.3 108.3 113.3 31.1 67.6 46 45.7 36.5 90.9 22.2 18.9 7.1 44.4 57.8 13.3 17.8 36.1 63.9 86.7
"464" "Odubel Herrera" 2019 28 139 23.7 7.9 62.9 63.3 22.7 34.1 27.9 29.2 11.4 88 11 4.3 3.2 30.9 71.3 15.3 35 52 48 84.7
"465" "Albert Almora Jr." 2019 25 363 17.1 4.4 64.8 68.2 25.8 39 29 29.2 13.3 86.3 8.5 4.6 2.8 27.5 67.4 13.6 37.9 40.4 59.6 86.4
"466" "Rio Ruiz" 2019 25 413 21.3 9.7 68.1 67.1 23.4 36.2 29.6 30.9 12.9 88.4 11.3 2.8 7.4 36.5 69.9 18.4 25.1 39.6 60.4 81.6
"467" "Tony Wolters" 2019 27 411 16.5 8.8 66.4 65.7 25.2 32.6 29.2 33.1 7.4 85.3 10.1 0 4 19.7 62.9 10.8 26.7 40.6 59.4 89.2
"468" "Bryce Harper" 2019 27 682 26.1 14.5 88.2 93.9 27.7 55.1 39 38.8 27.4 91.9 13.7 14.8 7.5 45.6 73.6 24 30 51.8 48.2 76
"469" "Roberto Perez" 2019 31 449 28.3 10 76.9 76.1 22.4 45.1 32.4 31 22.6 90.2 5.7 11 5.5 41.3 59.7 22.6 21.2 50 50 77.4
"470" "Leonys Martin" 2019 31 264 29.5 8 61.6 60.4 18.7 33.8 26.6 26.6 15.2 87.3 16.9 6.2 3.1 27.3 75.7 24.7 31.3 54 46 75.3
"471" "Jose Abreu" 2019 32 693 21.9 5.2 83.4 85.7 28.2 52.2 36.3 33.5 24 92.1 10.9 12.8 6.1 48.2 66.5 14.7 34.7 43.1 56.9 85.3
"472" "Elias Diaz" 2019 29 332 16.9 6.9 60.2 64.5 24.7 34 28.7 30.5 9.3 88.1 9.2 2.4 4 34.3 71.2 14.6 25.9 45.2 54.8 85.4
"473" "Omar Narvaez" 2019 27 482 19.1 9.8 81.3 77.4 26.2 43.4 33.4 34 17.2 85.5 17.8 5.3 5.9 28.1 72.3 19 26.3 31.5 68.5 81
"474" "Willians Astudillo" 2019 28 204 3.9 2.5 67.8 74.7 28.8 42.3 32.3 32.4 13.5 85.9 15.4 2.7 5.4 31.3 81.5 3.2 39.7 19.4 80.6 96.8
"475" "Eugenio Suarez" 2019 28 662 28.5 10.6 93 85.3 25.1 50.9 36.1 34.4 25.8 89.4 17.8 14 6.1 40.8 67.1 19.5 24 53 47 80.5
"476" "Gregory Polanco" 2019 28 167 29.3 7.2 72.4 69.4 22.7 40.6 29.6 28.8 17.9 89.4 18.4 9.6 4.8 30.4 78.2 21.5 29.2 54.6 45.4 78
"477" "Domingo Santana" 2019 27 507 32.3 9.9 76.9 82.2 25.4 49 34.9 33.2 23.6 89 11.3 12.1 5.9 42.1 69.3 24 24.9 53.6 46.4 76
"478" "Erik Gonzalez" 2019 28 156 23.7 5.8 61.2 58.6 22.9 30.6 25.1 28 7.7 87.4 4.5 2.8 0.9 27.8 75.6 16.4 36 52 48 83.6
"479" "Gio Urshela" 2019 28 476 18.3 5.3 88.9 83.7 28.9 50.4 35.3 33.3 21.6 90.6 13.5 7 8.4 41.8 74.1 17.8 40.1 29.6 70.4 82.2
"480" "Yolmer Sanchez" 2019 27 555 21.1 7.9 63.4 62.6 23.4 32.3 28 30.3 8.9 87.1 14.2 1 5.4 27 66.3 16.5 30.9 35.9 64.1 83.5
"481" "Jonathan Schoop" 2019 28 464 25 4.3 77.7 74.1 25.2 44.1 31.6 30 18.9 87.5 12.5 8.8 5.3 38.5 79.8 21.4 41.4 49.2 50.8 78.6
"482" "Matt Adams" 2019 31 333 34.5 6 74.1 76.7 23 48.4 32.3 28.3 25.5 88.6 19.6 14.8 8.2 43.9 70.5 21.6 34 52.8 47.2 78.4
"483" "Nolan Arenado" 2019 28 662 14 9.4 96.2 83.4 27.4 48.9 34.9 34.5 21.5 89.4 17.6 8 6.8 37.6 73.1 12 34.8 35.3 64.7 88
"484" "Tucker Barnhart" 2019 28 364 22.8 12.1 70.7 65.5 22.2 33.2 28.7 32.3 11 86.5 11.8 3 4.3 27.9 67.2 17.1 28 38.8 61.2 82.9
"485" "Justin Bour" 2019 31 170 30.6 10 62.3 66.3 19.3 38.3 28.9 28 19 89.3 10.4 11 7 42.9 58.9 20.3 30.3 45.2 54.8 79.7
"486" "Kyle Farmer" 2019 29 197 29.9 5.1 68.9 68.1 23.2 39.9 29 28.2 16.8 85.4 17.8 5.6 4.8 29.7 64.9 21.6 37.9 42.1 57.9 78.4
"487" "Scooter Gennett" 2019 29 139 29.5 1.4 56.8 53.5 20.8 30.3 23.4 23.2 9.6 86.3 13.2 2.1 5.3 25.5 73.2 19.8 45.6 32.8 67.2 80.2
"488" "Brian Goodwin" 2019 29 458 28.2 8.3 79.5 72.8 23.8 42 31.2 30.8 18.2 87.6 18.4 6.3 8 33.3 57.8 20.4 25.9 44.2 55.8 79.6
"489" "Billy Hamilton" 2019 29 353 24.6 9.1 56.1 56.7 22.6 26.8 26.1 29.9 4.3 80.7 15.2 0 0.4 7.3 65.2 16.6 25.9 41.8 58.2 83.4
"490" "Mitch Haniger" 2019 29 283 28.6 10.6 77.8 77.5 22.5 45.2 32.9 32.3 22.7 88.4 18.2 11.4 4.2 40.9 61 17.9 22.1 50.4 49.6 82.1
"491" "Enrique Hernandez" 2019 28 460 21.1 7.8 71.5 72.7 24.3 41.4 31.1 31.3 17.1 88.4 19.5 5.9 6.5 34.5 69.4 15.8 27.5 50.7 49.3 84.2
"492" "Brock Holt" 2019 31 295 19.3 9.5 77.1 71.5 26.3 37.1 31.8 34.4 10.8 87.5 11.2 1.5 5.3 31 58 12.9 25 33.3 66.7 87.1
"493" "Jake Lamb" 2019 29 226 24.3 14.2 67.6 79.5 23.2 43.4 34.6 36.1 20.2 90.7 14.2 8.2 11.9 42.5 62.7 13.6 24.3 52.8 47.2 86.4
"494" "Luke Maile" 2019 28 129 25.6 6.2 43.7 60.8 21.6 34.2 26.5 26.6 12.6 84.7 13.2 4.5 5.7 28.4 65.3 15.8 26.7 40.6 59.4 84.2
"495" "Max Muncy" 2019 29 589 25.3 15.3 88.9 92 27.2 52.7 39 39.3 25.5 89.8 14.4 12 7.9 43.4 62.6 22.9 19.6 46.2 53.8 77.1
"496" "Wil Myers" 2019 29 490 34.3 10.4 73.9 74.8 23.3 43.2 32.2 31.6 20 90.2 12.1 11.2 8.6 41.4 62.6 25.2 27.1 47.6 52.4 74.8
"497" "Tyler Naquin" 2019 28 294 22.4 4.8 79 79.3 27.7 47.8 33.3 31.5 20.1 90.7 12.4 9 4.2 38.9 74.3 18.6 35.7 37.9 62.1 81.4
"498" "Chris Owings" 2019 28 196 39.8 7.1 44.3 54.6 18.2 29.8 24.3 24.8 11.6 86.9 8.5 6.9 2.9 31.4 58.9 22.1 31.2 56.5 43.5 77.9
"499" "Josh Phegley" 2019 31 342 18.4 4.4 69.2 66.7 24.6 37.6 28.9 29.1 13 84.1 17.4 3.1 5 24.3 63.2 11.1 31.2 46.2 53.8 88.9
"500" "Stephen Piscotty" 2019 28 393 21.4 7.4 72 76 25.4 44.4 32.6 31.6 19 89.2 12.5 7.6 7.2 41 71 19.6 33.2 47 53 80.4
"501" "AJ Pollock" 2019 32 342 21.6 6.7 79.5 79.9 26.8 46.7 34.3 33.2 20 90.6 13.7 8 5.9 39.9 64.6 15.3 28.9 52.2 47.8 84.8
"502" "Joey Rickard" 2019 28 189 26.5 9.5 66.9 62.5 21.5 32.3 27.9 30.2 10.9 84.8 17.2 3.4 3.4 21.2 69 17.7 26.9 36.6 63.4 82.3
"503" "Kyle Seager" 2019 32 443 19.4 9.9 78.9 83.8 26.4 49.4 35.5 34.4 22.9 89.4 18.6 8.4 6.8 39.7 66.6 14.8 25.1 37.3 62.7 85.2
"504" "Luke Voit" 2019 28 510 27.8 13.9 84.2 86.4 24.9 49.6 36.7 36.8 24.7 89.7 12.5 13.2 7.3 41.5 77 25.7 22.4 62.7 37.3 74.3
"505" "Christian Walker" 2019 28 603 25.7 11.1 82.5 87.7 26.6 52.2 36.7 35.5 25.6 91.1 14.8 13.1 6.9 48.8 74.9 22 24 48.7 51.3 78
"506" "Mike Zunino" 2019 28 289 33.9 6.9 54.4 64.1 19.5 38.2 27.5 25.9 18.7 88.4 19.2 11.3 5.4 36.9 71.7 25.6 34.1 60.9 39.1 74.4
"507" "Ryan Goins" 2019 31 163 27 10.4 67.9 59.5 20.6 30 26.8 29.5 9.5 87.4 7.8 1 5.9 32.7 57.5 22.2 24.4 39.8 60.2 77.8
"508" "Matt Carpenter" 2019 34 492 26.2 12.8 72.5 75.5 22.4 41.8 33 33.7 19.4 88 19 7.2 8.5 31.1 61.2 18.8 20.6 45.6 54.4 81.2
"509" "Corey Dickerson" 2019 30 279 20.1 5.7 90.6 80.2 27.2 48.9 33.2 31.3 21.8 87.1 16.2 8.2 7.7 34.8 77.2 24.9 42.9 30.9 69.1 75.1
"510" "Brian Dozier" 2019 32 482 21.8 12.7 77.1 77.8 23.9 43.6 33.6 34.2 19.7 88.5 18.9 6.7 7.1 35.3 61.7 16.8 19.6 44.7 55.3 83.2
"511" "Dustin Garneau" 2019 32 101 21.8 9.9 75.4 66.3 20.7 34.5 29.9 31.8 13.8 84.5 20.7 4.7 4.7 25 70.2 17.5 15.5 37 63 82.5
"512" "Mike Yastrzemski" 2019 29 411 26 7.8 85.1 84.3 25.9 52 35.1 32.3 26.1 89.6 19.3 11.2 8.6 42.9 67.6 22.1 27 41 59 77.9
"513" "Willson Contreras" 2019 27 409 24.9 9.3 88.8 81.6 24.8 48.1 34.7 33.5 23.3 88.5 7.5 11.5 6.5 41.5 70.2 23.6 34.9 47.3 52.7 76.4
"514" "Jedd Gyorko" 2019 31 101 23.8 8.9 49.8 63.2 21.2 35 27.7 28.2 13.8 85.8 16.3 4.4 7.4 32.4 69.6 16.4 29 48.4 51.6 83.6
"515" "Jose Iglesias" 2019 29 530 13.2 3.8 72.4 68 27.1 37.6 29.6 30.4 10.4 84.2 6.9 2.5 2.3 24.2 67.1 10 45.7 22.5 77.5 90
"516" "Adeiny Hechavarria" 2019 30 221 21.7 6.3 74.2 70.7 23.5 41.2 30.6 29.5 17.7 87.7 11.6 6.4 5.8 30.1 71.4 14.3 35.8 43.4 56.6 85.7
"517" "Jose Osuna" 2019 27 285 16.8 6.3 76.5 76.5 27 44.6 33.1 31.9 17.6 89.2 9.6 5.1 6.5 37.4 74.5 16.7 30.9 35.3 64.7 83.3
"518" "Tyler Austin" 2019 28 179 37.4 13.4 70.5 75.8 19.7 45.3 32 30.5 25.6 91.5 14.8 15.9 8 48.8 63.9 24.4 25.8 69.4 30.6 75.6
"519" "Kris Bryant" 2019 27 634 22.9 11.7 90.3 82.5 25.1 46.9 35.4 35.6 21.8 87.5 19.1 9.3 6.8 34.1 73.7 20.8 27.3 45.4 54.6 79.2
"520" "Mark Canha" 2019 30 497 21.5 13.5 91.3 85.6 25 47.8 36.9 37.8 22.9 89.1 15.1 9.5 5.9 41.1 60.2 17.6 22.1 36.7 63.3 82.4
"521" "Curt Casali" 2019 31 236 25 10.6 74.1 71.9 23.6 39.9 31.2 32 16.3 87.2 19 6 5.3 31 66.8 14.9 20.3 46.4 53.6 85.1
"522" "Nick Castellanos" 2019 27 664 21.5 6.2 86.3 88.7 28.5 55.2 37 33.5 26.7 89 14 10.9 9.3 41.7 74.8 14.1 38.5 47.3 52.7 85.9
"523" "Delino DeShields" 2019 27 408 24.5 9.3 66.6 62.1 21.9 32 27.8 30.1 10.2 86.9 13.5 2.2 4.5 24.3 61.3 16 21.3 42.8 57.2 84
"524" "Brandon Drury" 2019 27 447 25.3 5.6 64.2 73 25.1 43.4 31.3 29.6 18.4 86.9 13.8 9.1 6.8 36.7 61.7 20.1 33.4 41.1 58.9 79.9
"525" "Ben Gamel" 2019 27 356 29.2 11.2 71 67.7 23.2 35.1 30.2 32.6 11.9 88.2 10.1 3.8 6.7 38 59.3 12.1 22.4 48.5 51.5 87.9
"526" "Niko Goodrum" 2019 27 472 29.2 9.7 74.3 71.5 24.1 39.8 31 31.7 15.7 89.3 13 6.3 8.7 41.8 67.8 22.8 30.4 50.3 49.7 77.2
"527" "Ryon Healy" 2019 27 187 21.4 7 74.4 75.4 24.6 44.6 32.7 30.8 20.1 89.6 17 9 4.5 39.2 64.6 11 28.1 56.8 43.2 89
"528" "Bryan Holaday" 2019 32 129 16.3 8.5 77.6 65.4 23.9 34.4 28.4 31 10.5 88.3 10.8 1 5.2 34.4 65.6 10.8 24.8 43.1 56.9 89.2
"529" "JaCoby Jones" 2019 27 333 28.2 8.1 73.9 76.8 24.9 44.4 32.7 32.4 19.6 91.6 14 10.7 6.8 47.5 64.6 14.9 29.6 49.2 50.8 85.1
"530" "Aaron Judge" 2019 27 447 31.5 14.3 92 96.3 27.7 57.5 40.1 38.8 29.8 96 11.2 19.7 13 58.4 66.6 24 22.7 66.8 33.2 76
"531" "Manny Machado" 2019 27 661 19.4 9.8 79.6 82 26.7 47.4 34.9 34.6 20.7 91.2 12.9 8 8 43.7 69 14.8 28.5 42.7 57.3 85.2
"532" "Colin Moran" 2019 27 503 23.3 6 75.1 75.6 26.3 44.6 32 31 18.3 88.2 12.4 7.4 6.5 34.8 75.3 16 35.7 39.6 60.4 84
"533" "Joc Pederson" 2019 27 514 21.6 9.7 87.6 82.3 25.2 48.1 34.9 34.2 23 91.2 15.1 10.3 5 43.5 68.1 17.6 26.2 39.3 60.7 82.4
"534" "J.T. Realmuto" 2019 28 593 20.7 6.9 82 81.9 28.1 48 34.9 33.9 20 90.3 14.4 8.7 7.6 41.1 70.5 16.6 32.6 38.1 61.9 83.4
"535" "Hunter Renfroe" 2019 27 494 31.2 9.3 77.8 75 22.1 45.5 31.5 29.5 23.4 89.9 19.1 12 5.5 39.4 64.8 21.5 29.5 48 52 78.5
"536" "Eddie Rosario" 2019 28 590 14.6 3.7 80 80.2 26.8 50.6 33.6 29.6 23.8 89.2 16.8 8.5 7.1 36 80.8 15.8 43 29.2 70.8 84.2
"537" "Andrelton Simmons" 2019 30 424 8.7 5.7 67.3 62.3 24.4 33.1 27.6 29.2 8.7 87.8 9.5 1.7 2.8 33.6 66.8 7.2 29.9 29 71 92.8
"538" "Stevie Wilkerson" 2019 27 361 29.9 6.1 66.8 58.6 20.2 32 25.8 26.6 11.8 86.3 11.1 3.6 7.1 30.4 60.3 19.4 32.7 40.9 59.1 80.6
"539" "Christian Yelich" 2019 28 580 20.3 13.8 110 104.8 31.5 62.9 42.8 41.9 31.4 93.2 11.3 15.8 6.4 49.1 69.6 16.1 27.9 49.6 50.4 83.9
"540" "Whit Merrifield" 2019 30 735 17.1 6.1 81.1 77.7 28.6 44.2 33.2 33.5 15.6 87 15.6 4.3 5.7 29 67.9 14.2 30.6 33 67 85.8
"541" "Xander Bogaerts" 2019 27 698 17.5 10.9 93.9 84.3 27.8 48.4 36.1 35.9 20.6 90.6 13.2 8.4 7 44.1 56.2 13.8 27.4 34 66 86.2
"542" "Marco Hernandez" 2019 27 155 27.1 1.9 61.5 53.3 21.7 28.4 23.7 24.9 6.6 87 6.4 1.9 0.9 23.3 77.8 25.9 44.1 50 50 74.1
"543" "Hanser Alberto" 2019 27 550 9.1 2.9 74.9 71 28.3 40.1 30.8 30.9 11.9 84.4 11.8 2.9 2.7 18.5 73.4 8.2 44.8 23.8 76.2 91.8
"544" "Jorge Polanco" 2019 26 704 16.5 8.5 84 82.1 27.7 47.8 34.9 34.3 20.1 88 18.9 6.7 8.2 33.1 65.3 10.5 26.6 32 68 89.5
"545" "Miguel Sano" 2019 26 439 36.2 12.5 92.3 88.7 23.6 55.1 36.9 33.6 31.6 94.4 15.9 21.2 6.3 57.2 65.3 24.6 26.1 63.6 36.4 75.4
"546" "Rosell Herrera" 2019 27 119 22.7 9.2 60 61.1 21.9 30.5 27.5 30.6 8.6 87.9 11.8 2.5 2.5 27.8 67.3 17.9 24.3 64.2 35.8 82.1
"547" "Wilmer Difo" 2019 27 144 20.1 8.3 62.5 62.6 24.3 31.8 27.1 30.8 7.6 83.9 10.1 0 5.8 19.4 77.9 24.6 29.9 34.5 65.5 75.4
"548" "Kole Calhoun" 2019 32 632 25.6 11.1 79.2 81.7 24.5 47.9 34.4 33.8 23.4 89.5 14.9 11.2 8.4 42.6 73.5 22.5 25.8 56.9 43.1 77.5
"549" "Adam Duvall" 2019 31 130 30 5.4 88.2 78.3 19.9 52.9 32 25.4 33.1 91.1 25.6 15.9 8.5 32.9 64.7 19.8 33.5 44 56 80.2
"550" "Adam Eaton" 2019 31 656 16.2 9.9 78.7 77 26.3 41.7 33.6 35.3 15.3 88.9 15.3 3.8 6.6 34.3 61.8 11.1 26.3 31.8 68.2 88.9
"551" "Greg Garcia" 2019 30 372 22.3 14.2 71.7 65.7 22.3 31.1 30.2 34.6 8.8 85.9 4.5 2.6 1.7 27 51.3 9.1 16.4 37.7 62.3 90.9
"552" "Kevin Kiermaier" 2019 29 480 21.7 5.4 67.5 70.1 25 40.2 30.2 29.9 15.3 89.2 6.9 5.5 4.3 37.7 75.1 15.9 34.9 44.2 55.8 84.1
"553" "Andrew Knapp" 2019 28 160 31.9 11.3 63.6 70.1 21.6 37.9 30.4 32.2 16.3 89.2 16.1 9.1 2.3 42 75.4 22.6 28.8 53.2 46.8 77.4
"554" "JT Riddle" 2019 28 139 30.2 3.6 60.1 63.7 20.4 39.3 26.7 24.4 19 88.9 9.9 8.9 4.4 30 68.8 23.3 38.3 51.5 48.5 76.7
"555" "Jorge Alfaro" 2019 26 465 33.1 4.7 73.6 76.3 25.1 46 32.4 30.3 20.9 90.8 4.7 11.5 6.8 44.8 79.6 27.2 48.1 51.7 48.3 72.8
"556" "Jurickson Profar" 2019 26 518 14.5 9.3 71.1 77.5 25.6 43.8 33.4 33.7 18.2 86.7 14 6.5 4.9 31.3 65.6 12.7 26.1 37.3 62.7 87.3
"557" "Javier Baez" 2019 27 561 27.8 5 84.7 81.5 26.9 51 33.9 30.5 24.1 91.1 7.8 12.7 5 43.6 73.1 24.8 42.3 49.1 50.9 75.2
"558" "Jake Cave" 2019 27 228 31.1 9.2 80.5 84.7 26.5 48.8 36.2 35.9 22.3 90.5 7.4 12.5 4.7 43.8 71.3 19.2 29 56.4 43.6 80.8
"559" "Cam Gallagher" 2019 27 142 19.7 7.7 67.5 58.8 21 29.9 26.5 28.9 8.9 86.3 12.8 2 2 24 61.6 8.4 25.9 36.7 63.3 91.6
"560" "Austin Hedges" 2019 27 347 31.4 7.8 56.2 63.1 19.9 35.7 27.1 27.4 15.8 86.7 21.8 8.3 5.8 32.5 70 22.6 34.1 53 47 77.4
"561" "Francisco Lindor" 2019 26 654 15 7 85.3 79.7 27.6 46.7 33.6 33 19.1 91 12.2 7.5 4.7 41 72.1 10.3 31.9 30.7 69.3 89.7
"562" "Rougned Odor" 2019 25 581 30.6 9 72.1 77.2 22.3 47.1 32.4 30.1 24.8 91.1 17.9 13.6 6.4 45.6 66.8 20.1 29.6 48.5 51.5 79.9
"563" "Austin Slater" 2019 27 192 30.7 11.5 75 77.1 23.3 44.2 32.9 32.9 21 88.5 3.4 10.1 6.4 48.6 60.8 25.4 23.2 52.7 47.3 74.6
"564" "Dwight Smith" 2019 27 392 20.9 6.6 70.8 67.6 24.1 37.8 29.5 29.8 13.7 89.1 7.3 3.9 5.7 39.3 64.8 16.3 27.3 54.2 45.8 83.7
"565" "Trevor Story" 2019 27 656 26.5 8.8 91.7 80.9 26.5 47.1 34.6 33.8 20.6 91 17.5 8.6 7.2 46 70.2 17.5 28.5 45.9 54.1 82.5
"566" "Daniel Vogelbach" 2019 27 558 26.7 16.5 78 80.7 22.9 44.7 34.8 36 21.8 88.9 17.2 10.8 6.3 38 50.9 21.2 19.6 39.5 60.5 78.8
"567" "Gary Sanchez" 2019 27 446 28 9 84.1 89.8 25.1 56.2 37.2 33.6 31.2 91.2 19 19.1 4.4 42.3 59.1 20.6 33.2 47 53 79.4
"568" "Cheslor Cuthbert" 2019 27 330 20.3 5.8 67.3 69 25.4 38.8 29.9 30.2 13.5 88.9 14.9 4.5 6.2 38.1 69.9 15.8 29 41.7 58.3 84.2
"569" "Max Kepler" 2019 26 596 16.6 10.1 85.5 81.2 26.4 46.5 34.8 34.7 20.2 89.7 18.2 8.9 7.5 42.1 73.9 10.6 27.6 42.7 57.3 89.4
"570" "Roman Quinn" 2019 26 122 27.9 9.8 66.5 63.7 20.1 34.1 28.4 29.6 14.1 88.9 11.7 5.3 1.3 36 60.2 22.5 23 57.1 42.9 77.5
"571" "Maikel Franco" 2019 27 428 14.3 8.4 70.5 73.9 24.8 42.7 30.1 31.2 17.9 89.1 14.8 6.9 4.5 38.4 71.1 16.3 33.9 32.6 67.4 83.7
"572" "Ji-Man Choi" 2019 28 487 22.2 13.1 82.2 86.9 26.4 50 36.9 36.9 23.6 91.2 12.8 11.3 7.1 42.7 67.8 18.1 20.2 47.7 52.3 81.9
"573" "Jackie Bradley Jr." 2019 29 567 27.3 9.9 73.7 75.9 23.4 43.1 32.7 32.8 19.7 90.1 9.3 9.6 6.1 44.2 69 26.2 28 48.9 51.1 73.8
"574" "Tommy La Stella" 2019 30 321 8.7 6.2 82.6 84.6 30.1 49.4 36.2 35.2 19.3 88.2 13.2 5.3 4.9 31.2 58.2 8.2 23.7 21.8 76.7 91.5
"575" "Pedro Severino" 2019 26 341 21.4 8.5 73.9 79 26.9 44.9 34.1 34.1 18 87.6 13.2 8.5 3.8 33.6 66.3 15.6 23.9 48 52 84.4
"576" "Renato Nunez" 2019 25 599 23.9 7.3 77.1 79.6 25.6 47.4 33.8 32.2 21.8 89.9 19.9 10.7 5.5 40.9 68.1 17.2 34.4 43.8 56.2 82.8
"577" "Humberto Arteaga" 2019 25 135 20.7 5.9 48.1 58.7 22.9 29.9 26.4 28.8 7 84.5 9.3 0 4.1 21.6 71.9 16.2 37.9 32.4 67.6 83.8
"578" "Jeimer Candelario" 2019 26 386 25.6 11.1 64.3 70.6 23.3 37.4 31.1 33.2 14.1 88.2 15.8 5.9 7.2 33.8 59.3 15.9 30 42.9 57.1 84.1
"579" "Yonathan Daza" 2019 25 105 20 6.7 49.4 53.3 21 27 24.1 26.3 6 84.5 4.8 1.3 1.3 20.8 71.3 14.7 32 41.3 58.7 85.3
"580" "Jose Rondon" 2019 25 157 24.2 7 54.1 60.4 21.9 31.9 26.9 28.5 10 87.3 8.1 2.8 8.5 32.1 64.1 17.5 27.9 40.6 59.4 82.5
"581" "Nick Ahmed" 2019 29 625 18.1 8.3 75.2 75.9 26.1 43.2 32.6 32.7 17.1 87.8 7.6 6.6 5.5 34 72 13.9 27.9 39.5 60.5 86.1
"582" "Brian Anderson" 2019 26 520 21.9 8.5 81.1 80.2 25.8 46.1 34.5 34.1 20.3 89.9 11.1 8.9 7.2 46 65.1 16.3 32 47.5 52.5 83.7
"583" "Austin Barnes" 2019 30 242 23.1 9.5 63.3 59.1 19.4 30.5 26.1 28.6 11.2 87.2 16.4 4.4 3.8 29.1 56.6 14.2 20.9 46.3 53.7 85.8
"584" "Josh Bell" 2019 27 613 19.2 12.1 93.6 94.3 28.8 56.5 39 37.8 27.8 92.4 12.9 12.7 7.7 47.2 77 19.8 27.5 37 63 80.2
"585" "Mookie Betts" 2019 27 706 14.3 13.7 91.5 99 31.3 58 41.4 41 26.8 91 19.3 10.3 8.5 47.5 59.8 8 18.8 34.3 65.7 92
"586" "Victor Caratini" 2019 26 279 21.1 10.4 79.4 80.4 26.7 45 35 35.4 18.4 89.7 7 9 4.3 35.9 69.3 13.3 25.3 44.5 55.5 86.7
"587" "J.D. Davis" 2019 26 453 21.4 8.4 89.5 93.8 31.7 56 39.4 37.8 24.3 91.5 10.6 11.4 5.7 47.9 71.5 24.6 26.1 37.6 62.4 75.4
"588" "Derek Fisher" 2019 26 167 34.1 12.6 65.7 69.3 21.8 37.6 30.4 31.7 15.8 92.3 9.2 12.4 2.2 44.3 59.1 27.7 17.2 75 25 72.3
"589" "Nick Martini" 2019 29 109 23.9 12.8 65.3 65.4 24.1 31 29.9 34.4 6.9 87.7 5.4 1.5 1.5 32.8 58.4 16.2 22.9 30.2 69.8 83.8
"590" "Joe Panik" 2019 29 491 9.6 8.8 64.9 70.6 25.4 38 31.1 32.6 12.6 86.8 12.9 2 6 25.8 63.6 6.4 21.5 21.6 78.4 93.6
"591" "Mallex Smith" 2019 26 566 24.9 7.4 63.4 59 21.5 30 26.8 29 8.5 85.2 7.5 2.2 3.5 20.1 68.6 22.9 25.9 43.9 56.1 77.1
"592" "Cory Spangenberg" 2019 28 102 35.3 5.9 63.2 55.1 20.1 30.2 23.8 24.9 10.1 85.1 -0.1 5 1.7 25.5 73.9 25.4 35.6 43.5 56.5 74.6
"593" "Bubba Starling" 2019 27 197 28.4 4.6 57.1 56.9 21.6 31.2 25 25.7 9.6 81.8 12.1 2.3 4.6 17.6 69.1 14.3 30.5 63.6 36.4 85.7
"594" "Charlie Tilson" 2019 27 157 24.2 6.4 57.8 62.3 24 32 27.6 30.3 8 86.9 4.9 2.8 0 31.1 67.5 15.2 29.4 47.7 52.3 84.8
"595" "Harold Castro" 2019 26 369 23.3 2.4 68.8 66.6 26.5 38.3 28.8 28.3 11.8 87.2 8.5 3.6 3.6 28.4 67.4 16.5 41.3 36.6 63.4 83.5
"596" "Orlando Arcia" 2019 25 546 20 7.9 63.2 66.2 23 36.9 28.7 29.3 13.9 88 6.8 4.6 4.6 31.3 65.1 18 30.3 38.4 61.6 82
"597" "Raimel Tapia" 2019 25 447 22.4 4.7 72.4 68.7 26.5 38.8 29.9 29.9 12.3 87.6 7.5 3.7 3.7 31.6 79 20.5 40.9 37.5 62.5 79.5
"598" "Aristides Aquino" 2019 25 225 26.7 7.1 89.1 81.8 25.1 50.8 34.1 31 25.7 87.9 18.2 13.6 4.1 39 82.5 27.6 38.9 45.5 54.5 72.4
"599" "Teoscar Hernandez" 2019 27 464 33 9.7 77.8 75.3 22 45.5 31.8 29.8 23.5 91.2 15.3 11.7 10.6 42.3 72.3 27.2 25.1 54.1 45.9 72.8
"600" "Jose Peraza" 2019 25 403 14.4 4.2 63.1 69 27.1 37.2 30.4 31.8 10.1 84.9 17.4 0.3 5.6 25.6 74.8 7.4 34.1 36.1 63.9 92.6
"601" "Ketel Marte" 2019 26 628 13.7 8.4 98.1 89.9 30.5 53.1 38 36.8 22.6 90 11.5 9.3 5.8 40 70.4 11.3 28.4 30.9 69.1 88.7
"602" "Grayson Greiner" 2019 27 224 31.3 5.8 55.8 59.1 20.4 33.7 25.8 25.4 13.3 86.7 12.7 5.7 2.9 32.6 63.8 21.1 31.5 51.4 48.6 78.9
"603" "Brandon Nimmo" 2019 26 254 28 18.1 78.1 74 22.1 35.6 33.7 38.4 13.6 89.3 12.2 6.8 4.5 35.6 62.6 21.3 17.8 50 50 78.7
"604" "Jace Peterson" 2019 29 108 22.2 5.6 59.9 69.9 25.7 39.6 30.2 30.3 13.9 88.4 9.5 3.9 9.1 26 66.2 21.5 26.1 54.4 45.6 78.5
"605" "Trea Turner" 2019 26 569 19.9 7.6 85 80.3 28.3 46.2 34.4 34.1 17.9 90.4 9.9 6.8 6.3 42 67.2 12.5 29 45.1 54.9 87.5
"606" "Kevan Smith" 2019 31 211 17.5 7.6 71 82.2 29.6 46.3 35.4 35.9 16.7 89.5 5.7 6.5 5.2 41.8 60.3 10.5 29.4 36.8 63.2 89.5
"607" "Matt Beaty" 2019 26 268 12.3 6.3 77.5 76.4 27.9 43.4 32.9 33 15.5 89.4 10.2 5.1 7.4 40.5 64.7 9.1 30.8 33.5 66.5 90.9
"608" "Kevin Pillar" 2019 30 645 13.8 2.8 71.9 71.2 26.6 41.6 30.4 29.6 15.1 86.4 14.1 4.9 5.7 30.8 73 9.1 46.9 29 71 90.9
"609" "Jacob Stallings" 2019 30 210 19 7.6 70.6 76.3 26.5 43.4 32.2 32.9 16.9 89.2 11.3 5.9 2.6 37.8 67.8 15.2 35.1 41.5 58.5 84.8
"610" "Sam Travis" 2019 26 157 22.9 7 65.6 66.6 22.3 38.1 28.4 28.5 15.9 89.1 8 7.3 1.8 39.8 71.8 17.2 34.9 32.7 67.3 82.8
"611" "Mac Williamson" 2019 29 144 30.6 9.7 50.8 59.1 20.1 30.1 26.8 29 10 85.3 8.5 3.6 3.6 33.7 62.2 22.1 32.8 54.7 45.3 77.9
"612" "Jose Ramirez" 2019 27 542 13.7 9.6 80.6 81.2 27.2 46.7 34.6 34.5 19.5 89.2 19.8 6.3 7 35.7 64 8.9 22.9 28 72 91.1
"613" "Alex Bregman" 2019 25 690 12 17.2 101.5 87.4 27.2 46.5 38 40.9 19.3 89.3 19.6 4.8 9.8 38 57.4 10 15.8 28.2 71.8 90
"614" "Joey Gallo" 2019 26 297 38.4 17.5 98.5 96.7 22.6 59.7 39.4 37 37 94.6 22.2 25.6 8.5 52.8 65.6 32.5 20.3 66.4 33.6 67.5
"615" "Carson Kelly" 2019 25 365 21.6 13.2 82.6 82.6 25.1 47.3 34.4 35.3 22.2 89 14.3 8.9 8.5 40.4 61.7 16.3 21.8 42.7 57.3 83.7
"616" "Addison Russell" 2019 25 241 24.1 8.3 69.8 67.2 23 36.7 29.5 30.5 13.7 86.9 9.1 6.9 3.1 28.1 67.2 20.5 31.3 50.3 49.7 79.5
"617" "Corey Seager" 2019 25 541 18.1 8.1 81.7 79.3 26.1 46.8 33.5 32.5 20.7 88.8 14.1 7.3 7.1 38.2 77.7 17.2 26.8 48.5 51.5 82.8
"618" "Nick Williams" 2019 26 112 38.4 3.6 44.2 62.7 21.9 36.6 27 26.1 14.7 86.7 10.9 6.3 4.8 30.2 71.1 16 37.3 49.5 50.5 84
"619" "Jesse Winker" 2019 26 384 15.6 9.9 83 82.5 28.4 45.3 35.7 37.2 16.9 89.1 7.5 4.3 7.6 41.1 66.8 13.8 22 30.9 69.1 86.2
"620" "Dawel Lugo" 2019 25 288 20.5 2.8 65.2 68.7 26.3 39.7 29.5 29 13.4 86.8 7.9 4.6 6.4 36 66 16.2 45.1 27.8 72.2 83.8
"621" "Nomar Mazara" 2019 24 469 23 6 78.6 80.8 26.9 48.6 34.1 32.2 21.7 89.1 10.4 10.7 6.1 39.3 68.4 20.3 35.6 39.1 60.9 79.7
"622" "Tom Murphy" 2019 28 281 31 6.8 85.8 71.6 22 44 30.3 27.6 22 90.6 18.9 10.9 7.5 44.8 63.9 19.1 28.2 53.8 46.2 80.9
"623" "Ronald Guzman" 2019 25 295 29.5 10.8 72.3 77 24.1 43.8 33.2 33.2 19.8 85.7 14.6 9.2 6.9 36.5 69 22.8 31.2 53.3 46.7 77.2
"624" "Kevin Plawecki" 2019 28 174 17.8 6.9 62.9 66 22.5 36.7 29.1 29.3 14.3 85.6 15.3 4.7 3.9 32 68.9 13.3 23.9 36.4 63.6 86.7
"625" "Adalberto Mondesi" 2019 24 443 29.8 4.3 71.3 66.7 23.8 39.3 29 27.4 15.5 88.8 10 8.6 3.4 34.3 78.6 27 37.9 59.4 40.6 73
"626" "Franmil Reyes" 2019 24 548 28.5 8.6 82.2 87.2 26.5 54.3 36.4 32.9 27.8 93.3 9.5 14.8 9 51 76.7 26.9 30.2 57.2 42.8 73.1
"627" "Daniel Robertson" 2019 25 237 24.9 10.1 60.7 61.3 21.4 29.9 28.1 31.4 8.5 87.7 5.8 1.4 4.7 33.8 66.4 16.4 24.1 41.5 58.5 83.6
"628" "Tim Lopes" 2019 25 128 22.7 11.7 72 65 22.4 33 29.2 32 10.7 85 8.7 3.6 1.2 24.1 61.7 19.9 30.7 44.9 55.1 80.1
"629" "Richie Martin" 2019 25 309 26.9 4.5 57.7 58.4 21.9 31.3 26 27.1 9.4 83.2 9.4 2.4 3.9 25.2 70.9 21.4 34.9 42.5 57.5 78.6
"630" "Dansby Swanson" 2019 25 545 22.8 9.4 74.7 84 27.5 49 35.7 35 21.5 89.9 14.4 10.1 6 41.6 68.5 20.6 24.7 45.4 54.6 79.4
"631" "Kevin Newman" 2019 26 531 11.7 5.3 79.8 71.6 28.2 38.7 31.4 32.9 10.6 85.3 8.5 2.1 2.8 24.8 69.4 7.3 33.7 26 74 92.7
"632" "Chris Taylor" 2019 29 414 27.8 8.9 79.3 72.2 24.2 40.5 30.9 31.7 16.3 86.1 13.8 5.8 8.1 32.3 71.8 22 26.5 58.7 41.3 78
"633" "Carlos Correa" 2019 25 321 23.4 10.9 92.6 93.4 28.8 55.8 39.5 37.6 27 89 12.6 13 9.6 42.2 62.1 17.1 28.1 36.3 63.7 82.9
"634" "David Dahl" 2019 25 413 26.6 6.8 87.5 81.1 26.7 48.7 34.3 32.4 21.9 88.7 11.2 10.3 6.3 39.5 73.6 22.7 34.7 44.8 55.2 77.3
"635" "Byron Buxton" 2019 26 295 23.1 6.4 82.5 74.5 25.1 44.1 31.6 30.4 19 90.1 20.4 8.3 6.3 38.7 74.9 19 33.8 49.2 50.8 81
"636" "Lewis Brinson" 2019 25 248 29.8 5.2 45.5 57.2 20.6 30.5 25.3 26.7 9.9 87 10 3.9 2.6 32.9 72.2 22.9 36.4 49.2 50.8 77.1
"637" "Steven Duggar" 2019 26 281 27.8 5.7 61.9 63.5 23.3 35.5 27.8 28 12.3 85.7 9 4.3 6.5 32.8 67 18.4 26.7 48 52 81.6
"638" "DJ Stewart" 2019 26 142 18.3 9.9 69.8 72.4 23.5 40.8 31.3 31.6 17.3 87.9 12.9 6.9 5.9 34.7 74.3 20.3 22.6 44.8 55.2 79.7
"639" "Tomas Nido" 2019 25 144 25.7 4.9 54.5 56.5 19.9 32.7 24 23.8 12.9 87.3 7.1 5 5 30.9 82.1 27.9 39.1 54.8 45.2 72.1
"640" "Christin Stewart" 2019 26 416 24.8 8.2 69.3 76 24.8 43.9 32.3 32.1 19.1 86.9 19.1 7.4 7.4 34.1 68.2 20 31.1 44.2 55.8 80
"641" "Joey Wendle" 2019 29 263 17.9 5.3 63.3 66.3 25.8 34.4 29.5 31.9 8.6 87.4 11.6 1.5 4.1 32.5 60.2 10.9 35.3 33.8 66.2 89.1
"642" "Matt Olson" 2019 25 547 25.2 9.3 89.6 95.7 28.3 59 39.5 36.7 30.7 92.7 19 14.5 9 50.4 66.6 26.6 24.8 33.1 66.9 73.4
"643" "Austin Dean" 2019 26 189 24.9 4.8 66.4 72.5 25.9 43.1 30.7 29.4 17.2 88.7 9.4 6 6 39.1 63.1 12.7 38.5 34.7 65.3 87.3
"644" "Matt Duffy" 2019 28 169 17.2 11.2 67 69.6 26.1 34.1 31.9 35.5 8 87 5.5 1.7 1.7 33.6 58.9 12.8 20.3 36.2 63.8 87.2
"645" "Yairo Munoz" 2019 24 181 20.4 3.9 65.3 56.7 22.1 31.2 25.3 25.5 9.2 84.7 6.2 1.5 5.1 25 76.6 15.1 44.5 46.4 53.6 84.9
"646" "Manuel Margot" 2019 25 441 20 8.6 68.9 63.8 22.7 33.9 28.2 29.9 11.1 87.7 14.2 3.5 6.1 34.8 64 18.1 21.9 38.8 61.2 81.9
"647" "Pablo Reyes" 2019 26 157 22.9 8.3 59.6 55.1 19.1 28.7 24.8 26.4 9.7 88.2 12.2 3.7 0.9 29.2 67.6 17.2 26 35.6 64.4 82.8
"648" "Johan Camargo" 2019 26 248 17.3 6 66.2 66.6 25.3 36.8 28.8 29.8 11.6 86.9 11.1 3.7 4.2 31.6 74.4 15.9 37.6 40.6 59.4 84.1
"649" "Victor Reyes" 2019 25 292 21.9 4.8 76.7 69.4 27.7 38.2 30.2 31.2 10.4 87.6 9.2 1.9 5.6 31.6 66.2 16.5 37.7 28.4 71.6 83.5
"650" "David Bote" 2019 26 356 26.1 12.4 78.5 74.2 24.8 38.7 32.5 35.5 13.9 89.7 7.7 5.7 6.6 36.3 65.1 24.5 28.8 48.2 51.8 75.5
"651" "Harold Ramirez" 2019 25 446 20.4 4 72.7 72.4 27.2 41.4 31.3 31 14.2 88.9 3.8 6.3 3.6 34.7 71.6 14.3 40.2 41.6 58.4 85.7
"652" "Anthony Santander" 2019 25 405 21.2 4.7 77.3 76.4 26.4 46.4 32.2 30 20.1 89.9 15.3 7.7 6.4 36.6 67.8 14.7 39 30.2 69.8 85.3
"653" "Pete Alonso" 2019 25 693 26.4 10.4 94.1 90.3 25.8 54.5 37.9 35.8 28.8 90.7 14.8 15.8 7 42.7 67.3 19.1 32 41.7 58.3 80.9
"654" "Cavan Biggio" 2019 24 430 28.6 16.5 79.2 80.5 24.3 43.4 35.1 37.1 19.1 88.9 20.1 9 6.9 39.9 60.2 18 13.6 59.1 40.9 82
"655" "Michael Conforto" 2019 26 648 23 13 85.6 88.6 26.6 51.3 37.4 37.3 24.7 89.2 16 11.9 5.2 39.2 70.7 21.1 25 40.6 59.4 78.9
"656" "Adam Frazier" 2019 28 608 12.3 6.6 75.1 74.6 27.9 40.8 32.3 33.8 12.9 87.2 13 1.9 6.4 28.3 69.6 11.2 27 27.2 72.8 88.8
"657" "Jose Trevino" 2019 27 126 21.4 2.4 65.3 62.2 24.6 35.9 26.6 26.3 11.4 86.8 8.3 2.1 6.3 35.4 57.3 14.6 40 34.4 65.6 85.4
"658" "Reese McGuire" 2019 24 105 17.1 6.7 86.9 70.2 25.8 39.4 30.4 30.8 13.7 86.7 13.1 3.8 5.1 24.1 68.3 11 36.3 42.4 57.6 89
"659" "Yasiel Puig" 2019 29 611 21.8 7.2 78.5 78.5 26.2 46.1 33.4 32.4 19.9 90 13.8 9.4 5.4 39.1 77.1 20.6 30.1 46.4 53.6 79.4
"660" "Jorge Soler" 2019 27 679 26.2 10.8 92.1 96.2 27.8 59.6 39.7 36.6 31.8 92.6 15.5 16.9 8.2 50.1 68.1 20.7 24.2 60.2 39.8 79.2
"661" "Guillermo Heredia" 2019 28 231 26 7.8 66.6 67.6 24.4 35.1 30.4 32.5 10.7 86.6 12.9 2.7 4.8 34.7 72.8 19.4 23.3 50.9 49.1 80.6
"662" "Jung Ho Kang" 2019 32 185 32.4 5.9 61.7 69.9 21.7 43.2 29.7 26.7 21.5 92.2 13.7 11.5 5.3 46 68.1 25.5 30.2 57.5 42.5 74.5
"663" "Phillip Ervin" 2019 27 260 24.2 6.9 79.7 67.3 23.5 37.1 29.8 30.2 13.6 85.1 14.4 4.6 4.6 31.1 71 18.9 26.8 48.6 51.4 81.1
"664" "Clint Frazier" 2019 25 246 28.5 6.5 80.6 77.1 24.9 46.8 32.5 30.3 22 88.5 15.4 10.8 6.3 36.1 67.6 20.9 21.1 69.2 30.8 79.1
"665" "Austin Meadows" 2019 24 591 22.2 9.1 92.2 91.2 28.6 55.3 37.9 35.9 26.8 90.4 16.7 12.5 6.8 42.9 60.8 15.3 24.7 42.3 57.7 84.7
"666" "Oscar Mercado" 2019 25 482 17.4 5.8 75.6 72.6 26.4 41.1 31.4 31.5 14.7 88 14.7 4.1 6.3 34.2 75.3 13.2 27.6 49.2 50.8 86.8
"667" "Chad Pinder" 2019 27 370 23.8 5.4 70.6 76.3 25.8 45.4 32.5 30.9 19.6 90.9 8.5 8.2 7 44.4 74.5 17.7 29.2 45.8 54.2 82.3
"668" "Tim Anderson" 2019 26 518 21 2.9 86.5 79.1 29.6 47.1 33.7 32 17.5 88.3 8.7 5.1 5.9 37.6 75.3 12.3 43.6 43.2 56.8 87.7
"669" "Jake Bauers" 2019 24 423 27.2 10.6 68.3 67.2 22.6 35.8 29.7 31.4 13.2 88.1 15 5 5 33.1 64 16.1 22.2 44.1 55.9 83.9
"670" "Cody Bellinger" 2019 24 661 16.3 14.4 103.4 107.2 32.4 64.7 43.7 42.5 32.2 91.1 18.2 13 6.8 46 68.6 20 23.6 32.9 67.1 79.9
"671" "Willie Calhoun" 2019 25 337 15.7 6.8 84.8 77.1 26.2 45.1 33 32 19 89.7 17.6 6.2 6.6 40.7 70.5 10.9 28.9 27.5 72.5 89.1
"672" "Zack Collins" 2019 24 102 38.2 13.7 65.3 76 19.8 44.2 32.1 31.8 24.4 90.7 15.3 14.9 12.8 53.2 63.2 34.6 15.2 50 50 65.4
"673" "Ryan Cordell" 2019 27 247 27.9 7.7 63.8 64.8 21.3 36.4 28.1 28.4 15.1 88.9 19.5 6.5 5.2 32.3 69 22.6 28.3 52.8 47.2 77.4
"674" "J.P. Crawford" 2019 24 396 21 10.9 68.2 67.6 24.3 34.6 30.3 33 10.4 85 12.3 3.4 3.4 24.8 65.3 16.8 18.7 37.5 62.5 83.2
"675" "Travis Demeritte" 2019 25 186 33.9 7.5 62.8 64.9 22.7 36 28.3 28.9 13.3 91.2 16.1 3.7 4.6 46.3 63.3 30.8 28.3 45.4 54.6 69.2
"676" "Brandon Dixon" 2019 27 420 32.4 5 72.5 72.8 23.7 44.5 30.9 28.3 20.8 89.5 16.9 11.2 7.7 40.8 70.3 25 33.8 57.6 42.4 75
"677" "Hunter Dozier" 2019 28 586 25.3 9.4 87 81.6 26.5 48 34.5 33.6 21.5 91.1 16.7 10 7.4 42.9 64.6 13.2 26.8 56.7 43.3 86.8
"678" "Adam Engel" 2019 28 248 31.5 5.6 68.6 62.6 22 34.1 27.6 28.5 12.1 86.4 11.1 5.3 3.3 30 67 23.2 32.8 50.6 49.4 76.8
"679" "Mitch Garver" 2019 28 359 24.2 11.4 99.5 92.9 25.8 57.7 38.4 35.2 32 91.1 15.3 15.5 10.6 50 53.7 14.4 17.4 51.9 48.1 85.6
"680" "Garrett Hampson" 2019 25 327 26.9 7.3 68.4 62.5 22.7 33.9 27.4 28.6 11.2 85.8 13.3 3.7 4.2 26.2 59.9 15.2 19.7 48.1 51.9 84.8
"681" "Tim Locastro" 2019 27 250 17.6 5.6 69.6 65.4 23.4 30.8 30.4 34.6 7.5 84.4 13.6 1.2 3.5 19.4 54.8 14 34.6 31.6 68.4 86
"682" "Trey Mancini" 2019 27 679 21.1 9.3 89.9 86.5 27.9 51 36.6 35.5 23.1 90.3 7.8 10.3 7.3 42.7 67.4 20.3 32 38.7 61.3 79.7
"683" "Billy McKinney" 2019 25 276 26.4 6.9 69.4 65.5 22.2 37.3 28.4 28.2 15.1 86.7 15.2 6.6 6.6 31.9 64.5 17.5 27 48.2 51.8 82.5
"684" "Ryan McMahon" 2019 25 539 29.7 10.4 77.8 76.6 24.8 43.7 33 32.9 18.9 91.9 8.9 9 7.1 48 74.5 26.6 26.5 47.7 52.3 73.4
"685" "Tyler O'Neill" 2019 24 151 35.1 6.6 72.3 66 22 38.7 28.4 27.3 16.7 89.1 19.3 6.8 8 37.2 69.6 28.9 35.7 62.3 37.7 71.1
"686" "Chance Sisco" 2019 24 198 30.8 11.1 72.9 77.2 22.3 42.7 33.8 34.5 20.5 89.5 16.4 10.4 6.6 39.6 66.5 23.5 21.6 46.9 53.1 76.5
"687" "Dominic Smith" 2019 24 197 22.3 9.6 88.1 77.3 24.8 44.8 33.1 32.5 20 88.3 15.1 7.5 8.3 34.8 70.2 18.5 30.5 40.9 59.1 81.5
"688" "Rowdy Tellez" 2019 24 409 28.4 7.1 74.2 79.4 25.1 47.7 33.5 31.7 22.6 90.7 14 13.2 7.4 41.6 63.4 21.3 37.2 45.3 54.7 78.7
"689" "Matt Thaiss" 2019 24 164 31.7 10.4 71.4 67.5 21.7 37.6 29.4 29.9 15.9 89.1 15.9 6.3 7.4 43.2 74.1 28.8 16.7 51.7 48.3 71.2
"690" "Josh VanMeter" 2019 24 260 21.5 11.2 73.5 76.6 25 42.7 33.2 33.9 17.7 90 16.5 4 10.4 38.1 58 15.4 22 40 60 84.6
"691" "Tyler Wade" 2019 25 108 25.9 10.2 68.6 62.4 20.4 32.7 28.1 29.7 12.3 86.9 12.8 5.9 4.4 27.9 66.7 18.8 28.1 43.6 56.4 81.3
"692" "Francisco Mejia" 2019 24 244 23 5.3 75.4 65.9 22.5 37.9 28.3 28 15.4 88.4 19.7 4.7 7 29.8 69.8 21.1 45.8 31.4 68.6 78.9
"693" "Amed Rosario" 2019 24 655 18.9 4.7 75.4 76.6 29.4 43.5 33 33.1 14.1 89.4 8.9 4.2 4.6 39.5 69.2 14.3 36 41.3 58.7 85.7
"694" "Willy Adames" 2019 24 584 26.2 7.9 73.3 76.3 25.4 44.6 32.6 31.7 19.2 88.5 10.8 8.4 7.1 35.6 69 18.3 24.7 52.1 47.9 81.7
"695" "Andrew Benintendi" 2019 25 615 22.8 9.6 77.2 81.6 26.9 47 34.8 34.6 20.1 89.1 17.3 8.1 7.6 37.8 76.8 20.9 29.5 35 65 79.1
"696" "Garrett Cooper" 2019 29 421 26.1 7.8 79.1 80.9 27.1 47.2 34.7 33.7 20.2 89.1 4.5 9.6 5.9 40.4 64.3 16.8 34.5 34 66 83.2
"697" "Mauricio Dubon" 2019 25 111 18 4.5 74 64.1 24.9 35.8 27.8 28.3 11 84.8 9.5 2.3 4.7 19.8 73.8 15.9 42.6 27.6 72.4 84.1
"698" "Danny Jansen" 2019 24 384 20.6 8.1 63.9 73.4 24.6 41.9 31.5 31.5 17.3 88.9 16.3 5.9 5.6 40 70.6 15.7 25.3 32.8 67.2 84.3
"699" "Tony Kemp" 2019 28 279 16.8 8.2 67 58.5 20.4 29.4 26.5 29.1 9.1 86.2 14.6 1.5 2.5 15.7 65.8 16.3 27.3 25.6 74.4 83.7
"700" "Isiah Kiner-Falefa" 2019 24 222 22.1 6.3 61.9 59.7 22.7 30.8 26.8 28.9 8.1 87.2 6.8 1.3 1.9 33.5 57.8 9.1 28.4 37.7 62.3 90.9
"701" "Shed Long Jr." 2019 24 168 23.8 9.5 78.7 62.9 21.4 34 27.8 28.9 12.6 87.6 10.6 6.3 1.8 36.7 63.8 19.2 24.6 49.4 50.6 80.8
"702" "Jeff McNeil" 2019 27 567 13.2 6.2 91.6 84 29.1 47.8 36.1 36.2 18.7 89 13.8 4.8 7.3 36.7 83.7 13.9 38 32.2 67.8 86.1
"703" "Mike Tauchman" 2019 29 296 24 11.5 86.5 76.2 25.3 42.2 33.1 34 17 88.7 11.3 6.3 8.4 38.9 67.2 16.4 19.4 36.5 63.5 83.6
"704" "Tyler White" 2019 29 279 28 12.9 61.2 61.5 20.4 30.7 27.9 30.8 10.3 86 12.4 3.6 6.1 30.4 61.7 18.4 23.7 35.3 64.7 81.6
"705" "Ozzie Albies" 2019 22 702 16 7.7 85.2 84.7 29.2 49.7 35.6 35 20.5 88.9 15.6 6.6 7 34 80.6 16.3 34.2 36.3 63.7 83.7
"706" "Victor Robles" 2019 22 617 22.7 5.7 74.2 68.9 23.4 37.9 30 31 14.5 83.3 16.7 4.8 5.5 23 70 14.3 29.1 44 56 85.7
"707" "Mike Ford" 2019 27 163 17.2 10.4 90.9 87.5 28.6 50.1 36.9 37.4 21.5 91.9 15.6 9.6 5.2 45.2 61.9 14.7 20.9 41.1 58.9 85.3
"708" "Rafael Devers" 2019 23 702 17 6.8 91.5 88.8 30.2 53.3 37.1 35.5 23.1 92.5 10.6 9 9.6 48.4 75.5 20.1 37.2 31.7 68.3 79.9
"709" "Josh Naylor" 2019 22 279 22.9 9 71.9 69.2 24.3 38.2 30.2 31 14 89.6 4.5 6.3 5.3 36.3 61.1 14.4 30.7 35.1 64.9 85.6
"710" "Aledmys Diaz" 2019 29 247 11.3 10.5 82.3 81.2 27.6 44.4 35.6 36.8 16.8 88.3 12.1 6.4 3.2 34.2 67.1 8.8 24.9 46.5 53.5 91.2
"711" "Luis Urias" 2019 22 249 22.5 10 65.5 69.7 23 36.1 31.3 33.6 13.1 87.3 10.1 4.4 4.4 31.4 60 18.8 24.1 36.3 63.7 81.2
"712" "Luis Arraez" 2019 22 366 7.9 9.8 83.8 78.2 29.4 41.6 34.2 36.6 12.2 87.1 11.5 2.7 2.7 22.8 60.8 6 24.2 12.6 87.4 94
"713" "Eloy Jimenez" 2019 23 504 26.6 6 82.8 84.5 27 52.6 35.5 31.9 25.6 91.2 9.3 12.8 7.1 47.9 71.2 22.6 33.8 49 51 77.4
"714" "Gleyber Torres" 2019 23 604 21.4 7.9 87.1 82.5 26.2 50.1 34.7 32.4 23.9 89.1 17.7 10.1 5.4 36.5 75.6 19.9 31.3 45.1 54.9 80.1
"715" "Willi Castro" 2019 22 110 30.9 5.5 62.2 55.3 20.4 29.2 24.5 26.1 8.8 84.7 18.1 1.5 4.4 25 70.5 22.1 39.8 43.5 56.5 77.9
"716" "Yandy Diaz" 2019 28 347 17.6 10.1 81.6 85.4 28.3 49.7 36.3 35.7 21.3 91.7 5.7 10.4 8 44.8 70 16.1 22 39.7 60.3 83.9
"717" "Meibrys Viloria" 2019 22 148 29.7 6.8 54.2 45.4 17.1 22.7 20.9 22.7 5.6 87.5 4.9 1.1 4.3 27.7 63.2 21.4 24.3 49.3 50.7 78.6
"718" "Luis Rengifo" 2019 22 406 22.9 9.9 68.4 70.4 24.1 37.7 31.2 32.7 13.6 87.1 9.3 6 4.1 29.9 63.1 19.3 24.3 38.3 61.7 80.7
"719" "Greg Allen" 2019 26 256 20.7 4.3 63.1 64.4 23.5 34.7 28.5 29.7 11.3 87.4 9.4 2.7 3.8 30.9 68 16.8 30.5 41.6 58.4 83.2
"720" "Matt Chapman" 2019 26 670 21.9 10.9 84.8 85.6 25.5 50.7 36.2 34.9 25.2 92.7 16.4 12.1 7.3 49 62.3 19.1 22.7 36.4 63.6 80.9
"721" "Michael Chavis" 2019 24 382 33.2 8.1 76.6 69.3 21.9 40.1 29.7 29.2 18.2 88.7 11.4 10.5 4.1 35.5 72.1 28.2 32.6 59.4 40.6 71.8
"722" "Isan Diaz" 2019 23 201 29.4 9.5 56.6 59.1 18.1 32.4 26.2 26.7 14.3 88.6 18.6 7.4 2.5 32.2 55.7 15.8 24.1 49.6 50.4 84.2
"723" "Adam Haseley" 2019 23 242 24.8 5.8 71.9 63.3 22.9 34.4 27.9 28.9 11.5 87.3 5 3.7 4.3 28.8 71 17.2 30.2 53.9 46.1 82.8
"724" "Rhys Hoskins" 2019 26 705 24.5 16.5 81.8 79.1 22.1 42.9 34.4 36.2 20.9 89.8 23.9 9.7 8.2 38.7 58.2 16.9 22.1 38.1 61.9 83.1
"725" "Jordan Luplow" 2019 26 261 23.4 12.6 92.3 82.6 24.8 47.6 35.4 35 22.8 89.6 16.1 12.1 6.1 38.8 73.3 21.5 17.7 46.5 53.5 78.5
"726" "Ryan O'Hearn" 2019 26 370 26.8 10.5 65 72.1 22.5 41.2 31.1 30.9 18.7 90.5 13 9.1 3.9 43.7 65.1 16.4 28 45.8 54.2 83.6
"727" "Kyle Schwarber" 2019 26 610 25.6 11.5 87.1 91.5 26.7 55.8 37.8 35.7 29.1 93.5 15.5 14.5 9 51.2 65.2 21.9 23.6 43.4 56.6 78.1
"728" "Cole Tucker" 2019 23 159 25.2 6.3 62.5 67.5 24.6 37.6 29.1 29.9 12.9 87.8 7.4 4.6 4.6 36.5 72.5 19.2 26.9 41.4 58.6 80.8
"729" "Alex Verdugo" 2019 23 377 13 6.9 81.7 80.5 29.3 46.3 34.3 34.2 17.1 89.4 8.8 5.7 6 39.7 61.2 8.8 28.9 31.2 68.8 91.2
"730" "Paul DeJong" 2019 26 664 22.4 9.3 76.2 77.4 23.9 44.8 33.3 32.6 20.9 87.1 18.2 8.6 4.5 33.9 69.4 16 28.1 45.7 54.3 84
"731" "Ramon Laureano" 2019 25 481 25.6 5.6 86 82.3 27.4 49.3 34.8 33 21.9 89.7 14.6 9.7 7.2 40.4 66.3 17.3 29.8 52.7 47.3 82.7
"732" "Yoan Moncada" 2019 24 559 27.5 7.2 91.5 86.4 28.5 52.3 36.2 34.1 23.8 93.1 12.3 12.2 7.2 47.9 66.7 20.5 29.1 53.6 46.4 79.5
"733" "Shohei Ohtani" 2019 25 425 25.9 7.8 84.6 83.1 28.1 49.1 35.3 34 21 92.8 6.8 12.2 6.5 47.1 71.5 21 30.4 40.1 59.9 79
"734" "Ronald Acuna Jr." 2019 22 715 26.3 10.6 88.1 94.6 28.2 57.8 39.3 36.8 29.6 90.6 14.2 15 9.1 47.4 68.6 22.9 24 40.5 59.5 76.9
"735" "Austin Riley" 2019 22 297 36.4 5.4 75 74.2 22.5 46.1 30.9 28.1 23.6 89.4 20.6 13.7 6 44.6 80.5 29.3 37.7 54 46 70.7
"736" "Trent Grisham" 2019 23 183 26.2 10.9 73.8 70 22.9 37.3 30.8 32.7 14.4 87.6 16 5.4 6.3 34.6 54.3 16.8 21.4 42.1 57.9 83.2
"737" "Nate Lowe" 2019 24 169 29.6 7.7 77.9 78.4 26 46.1 33.2 32.3 20.1 91.3 13 10.6 9.6 45.2 66.9 17.7 25.3 50 50 82.3
"738" "Ian Happ" 2019 25 156 25 9.6 89.8 82.6 24 51.3 34.5 31.3 27.3 89.8 16 13.7 5.9 38.2 74.6 20.5 30 51.5 48.5 79.5
"739" "Ty France" 2019 25 201 24.4 4.5 69.6 69.9 23.6 40.3 30.3 29.6 16.7 88.9 15.1 5.9 8.8 42.6 70.9 14.7 26.8 48.6 51.4 85.3
"740" "Brandon Lowe" 2019 25 327 34.6 7.6 85 81.9 23.9 50.8 34.5 31.1 26.9 91.6 19.2 16.3 7.1 46.2 77.6 27.2 30.9 64 36 72.8
"741" "Harrison Bader" 2019 25 406 28.8 11.3 67.9 73.9 21.7 41.1 31.8 32.8 19.5 88.4 15.3 9.9 7.7 35.3 57.7 17.5 24.1 49.3 50.7 82.5
"742" "David Fletcher" 2019 25 653 9.8 8.4 73.3 73.4 29.7 37.7 32.4 35.7 8 83.8 9.7 0.2 2.6 17.1 48.9 5.6 22.4 19.9 80.1 94.4
"743" "Scott Kingery" 2019 25 500 29.4 6.8 78.8 75.2 25.1 44.2 32.1 31 19 88.4 17.8 8 9.2 38.9 71.7 23.4 31 49.7 50.3 76.6
"744" "Dylan Moore" 2019 27 282 33 8.9 69 63.1 19.3 34 28.1 29.1 14.8 88.4 19.2 6.5 7.1 36.1 64.6 23.3 24.4 41.3 58.7 76.7
"745" "Myles Straw" 2019 25 128 18.8 14.8 71.8 71.5 25.9 34.4 32.6 37.1 8.5 84.7 9 1.2 3.5 16.5 54.2 10.9 16.5 17.4 82.6 89.1
"746" "Fernando Tatis Jr." 2019 20 372 29.6 8.1 96.9 82.3 25.7 49.5 34.8 32.8 23.8 90.4 6.7 13.2 7.5 44.1 70.5 23.1 29.8 57.7 42.3 76.9
"747" "Vladimir Guerrero Jr." 2019 20 514 17.7 8.9 77.2 76.5 26.1 43.5 33.1 33 17.4 89.4 6.7 7.7 6.1 38.7 69.1 15.8 28.9 41.2 58.8 84.2
"748" "Juan Soto" 2019 21 659 20 16.4 94.9 99.1 28.8 58.4 41.4 40.7 29.6 92 12.5 12.3 8.7 47.8 66.6 16 20.3 44.6 55.4 84
"749" "Bo Bichette" 2019 21 212 23.6 6.6 93 80.6 27.4 48.1 34.2 32.5 20.7 90 10.4 8.8 4.1 43.5 72.2 19.4 36.7 33.3 66.7 80.6
"750" "Lourdes Gurriel Jr." 2019 26 343 25.1 5.8 86.8 81.8 25.3 51 34.4 30.8 25.7 90.4 14.4 11.2 9.1 45.3 70 23 35.5 47.8 52.2 77
"751" "Jake Rogers" 2019 24 128 39.8 10.2 47.8 44.8 12.6 22.5 20.7 22.3 9.9 83 19.7 4.8 4.8 20.6 59.6 21.6 26.7 53.4 46.6 78.4
"752" "Bryan Reynolds" 2019 24 546 22.2 8.4 88 85.4 30 48.7 36.7 36.7 18.7 89.5 9.5 6.7 5.1 41.6 72.1 15.8 28 48.2 51.8 84.2
"753" "Josh Rojas" 2019 25 157 26.1 11.5 62.4 76.6 24.7 42.8 33.2 33.8 18.1 89 10.3 6.2 13.4 42.3 67.7 24.4 22.4 40.3 59.7 75.6
"754" "Nick Senzel" 2019 24 414 24.4 7.2 73.8 72.9 24.8 42 31.4 30.9 17.2 87.8 11.3 8 2.9 38.2 72.7 18.7 27.9 35.5 64.5 80.9
"755" "Tommy Edman" 2019 24 349 17.5 4.6 85 78.3 28.6 45 33.7 33.3 16.4 87.4 14.2 5.3 6 33.6 66 12.3 29.4 33.7 66.3 87.7
"756" "Nick Solak" 2019 24 135 21.5 11.1 88.4 79.8 25.5 43.8 34.6 36 18.3 88.3 6.3 9.2 3.4 32.2 63.1 15.2 21.9 42.6 57.4 84.8
"757" "Will Smith" 2019 24 196 26.5 9.2 90.7 77.2 22.5 45.7 32.6 31.5 23.2 89.4 23.8 10.7 9.1 38.8 63.1 17.5 22.6 45.3 54.7 82.5
"758" "Keston Hiura" 2019 23 348 30.7 7.2 93.8 86.4 26.5 53 36.1 33.4 26.6 91.4 16 13.9 7.7 50 72.9 25.4 31.8 58.8 41.2 74.6
"759" "Nicky Lopez" 2019 24 402 12.7 4.5 59.8 55 22.6 28.6 24.7 26.4 6 85.1 3.2 1.2 0.9 19.5 68.6 11.9 27.3 24.3 75.7 88.1
"760" "Yordan Alvarez" 2019 22 369 25.5 14.1 106.7 100.2 29.2 60.6 41.4 39.6 31.4 92.2 13.3 17.2 5.4 48.9 61.8 17.2 28.6 38.5 61.5 82.8
"761" "Mike Brosseau" 2019 25 142 27.5 4.9 77.9 62.7 21.6 36.1 27.1 26.6 14.5 86.5 14.3 4.3 6.4 36.2 68.4 19.5 37.5 35.7 64.3 80.5
